100010528068488
100011758445018
100012172621540
100013768189709
100020853802916
100023500493557
100009115124347
100018187872294
100008064162323
100015202962946
100017768951427
100023474466279
100007497421023
100014037637736
100006773056882
100019134571925
100009587921006
100017422667310
100009066741152
100007592943583
100004710693551
100018445932514
100018220300723
100024111231924
100020958308693
100013910502888
100012298600377
100009438254571
100023332569421
100008719353208
100022187150605
100016270298791
100014732297205
100009596861766
100009388139504
100015688292611
100013130233473
100021306532963
100011541167159
100009251081419
100012840976050
100007019026109
100021979670983
100014864793105
100018521041812
100017909025232
100012517572704
100012167865936
100022330298393
100024679296517
100010229327884
100018772624107
100022817122856
100012206596431
100016081473240
100007667836144
100019334890610
100009237696675
100024634209971
100012350100453
100012105408635
100010904177395
100012098856705
100011172078245
100014705227286
100022701919724
100023941355352
100016058891459
100021999759029
100022150759258
100007378636938
100024132623190
100018533288922
100016371784452
100010643017754
100011998789128
100011226606326
100024175692126
100013042302217
100012869292689
100021417378665
100024627521646
100014118106653
100018428220696
100024743160071
100021915473543
100022182762680
100024806761726
100011337373764
100024510226028
100014477863111
100006903632331
100012194054853
100024455190626
100015344199100
100012707682104
100016543336415
100018772693769
100006257375703
100010961080214
100024492314632
100011609945936
100023086793874
100010514289716
100011712825823
100004141425401
100017951168892
100018359583830
100017152806470
100015614203747
100013658360939
100004534034818
100024558203254
100010627664187
100024122032179
100013619760371
100018348556666
100013800586907
100013611457863
100011839350869
100016717992098
100024637812107
100014388992530
100015821228862
100018831582683
100024664054780
100012305680846
100017359321606
100024794775577
100024765730510
100022096953885
100013187102743
100003785451315
100019379583993
100010900410117
100023460679911
100011076438949
100014386028188
100022710666940
100022885837234
100022477501438
100011148634847
100021802371493
100017864206372
100017107658214
100013635875184
100016748497050
100024405292702
100024679147925
100024706590510
100018422793562
100023522574171
100010086601007
100023742165660
100019110377067
100007476064427
100018735345838
100024014568076
100024627789272
100023807690314
100015712396158
100011307078149
100013643445184
100012041712168
100014910424522
100024509070322
100022523983338
100023878043466
100010864996383
100010265175423
100021794090436
100012137649416
100011899424199
100012781930486
100016520404527
100019394103319
100023089070983
100022430531921
100022018066131
100015479233846
100023376829242
100024106584317
100017482681046
100016047675890
100016577195265
100024528998252
100018066646037
100024636367533
100023954321122
100014443082160
100024688297713
100011426872009
100021235704224
100010289730861
100024511727111
100018450287457
100018280967631
100023639790102
100022201386236
100011455210816
100024880264932
100024728970435
100024748747270
100024283417330
100024470882839
100015232843160
100021905020060
100023915102244
100023268467576
100022129629689
100014909467755
100015673815375
100024583275087
100014526993795
100023403819340
100019155496641
100022938854772
100015721907835
100014587094839
100015893198018
100023957537472
100012335550358
100016207240181
100015282392293
100010603800547
100024102810165
100024319303506
100019275151708
100021758898642
100012562806725
100024554441851
100021995058707
100013429810868
100015909559141
100017004399955
100013132033984
100022847790571
100015312916975
100023736856791
100022345763710
100024146388128
100015527808244
100024488301845
100013050217777
100009832636028
100022264894335
100010791255078
100021051345212
100018451470885
100023870303918
100023566910578
100022689216443
100017562466204
100017887059929
100010335729238
100022124355411
100024099894351
100023865488048
100022182589097
100014656027661
100024652267968
100009712362395
100024674107913
100006098973417
100022780093290
100014904317087
100024646123374
100005032335115
100013737843843
100022530638299
100022240339223
100024425198172
100005463106369
100007670926266
100023956503610
100014209809570
100017417920360
100023246361086
100022354013670
100015636640267
100024116372398
100021617857888
100022729072492
100012014801857
100023214500011
100012973293293
100014408896131
100024606797242
100024720692211
100024318964102
100024445521727
100004956339536
100021288950175
100024240035217
100014164516982
100024445383960
100013184799475
100013917768345
100024613211880
100024156907522
100024399353368
100016643023123
100021793424736
100024538607380
100024486095450
100024258134413
100024223906224
100024245867611
100024342860909
100016658464010
100024366131210
100021739213738
100024575658146
100010245820394
100023943219851
100020873834784
100024296201400
100012923619938
100015773957799
100007463629415
100019146638912
100021880244483
100011528976009
100023838291638
100015222375368
100019414774201
100024281615183
100023000259564
100024746820329
100000848859639
100020474556755
100024184548819
100019003999454
100023954430818
100024588917588
100013966982256
100024267606010
100024332648071
100024339815864
100014039650566
100024363728343
100016041547429
100012497856446
100024203423373
100022718029657
100022808891488
100022924434220
100024549246196
100024278100155
100022869950897
100005710322239
100011353172620
100018287297260
100021948414371
100024273342245
100021854767039
100022800482305
100024248047798
100017298994478
100023264029478
100024224721531
100021889727884
100024722239924
100024673758069
100023282925742
100000615718966
100012174662671
100024104959779
100020472002546
100021634955475
100022982051431
100024528134780
100024576563389
100023888804981
100024563866368
100022758964128
100024616634371
100023963957485
100021975736177
100024376036893
100023965362685
100024100842993
100024280419441
100023643081473
100004781761032
100024517179435
100024278719212
100008586275506
100013448023730
100011317446484
100002264124801
100013830184766
100019319833816
100007857634968
100024577396208
100016705623556
100014360298444
100015457501024
100014713276922
100012933695650
100015794797958
100015841444148
100019458607607
100019467782354
100024577157839
100013021685620
100015554168256
100013911066502
100022863001238
100015769533677
100008576659232
100012978275239
100011530265015
100011665875295
100013690271986
100014203381561
100005238811686
100024174262721
100016107547170
100024450782860
100015942816875
100024586728403
100010908492251
100009764268951
100009529990764
100019013430808
100011623308431
100016143752832
100021797976068
100009177190206
100019812218959
100020886184338
100015331894750
100012849970632
100010363955083
100011618761276
100014712394469
100018896382514
100016755370669
100016213233363
100016930080296
100022114612424
100012040606917
100015155102663
100022117460721
100010402605254
100015020894838
100020328161601
100021829952056
100014581481198
100010694132842
100021534795362
100014428172180
100020618823055
100013023737319
100014385796296
100023958545680
100011188418646
100009530322169
100011301347403
100018773285958
100024598050040
100018810734716
100022725903606
100015563290856
100019046021943
100011392252767
100014583848623
100014457069443
100018764080746
100016107041495
100015008591731
100021758628859
100014080783208
100015318032027
100024619456329
100021961791247
100023914699004
100024613210917
100021677254702
100019334764771
100023970353800
100018776297229
100013584334342
100015258967541
100006839357024
100024658387117
100013213241550
100009958906416
100018605146879
100023289308966
100024640552580
100018139152846
100012742304160
100010501925853
100009334087911
100014196672396
100024701340537
100015943957752
100018105287792
100017144507116
100020529613171
100001648552270
100011791502933
100018800370610
100024530754140
100017306341573
100019055881031
100014737090028
100015320384397
100014896985694
100011843833495
100024593417183
100017631756886
100002594054225
100022779945721
100018807734972
100016507562289
100017650241518
100018658561669
100011943798867
100018460895310
100014254727026
100014772374888
100024673509771
100014984948802
100024662266559
100016420113731
100017538124288
100013756380410
100004930393950
100019033867399
100017536773998
100021546631945
100019346346552
100015829693196
100023584156697
100024543942071
100001187347687
100018294758675
100022357880151
100014949484646
100013978541577
100007444152010
100019540117169
100014646904966
100024658687490
100018830775391
100019034584965
100024703951741
100012128200529
100016337856603
100020899711833
100011468130876
100024695255963
100018334327708
100019185692165
100019362571188
100013612660409
100016336187499
100018617475186
100015154694595
100013986852973
100008945892617
100006605621456
100014965368403
100015220664270
100014583546515
100011724732994
100011379041947
100009664815910
100019122270156
100012584174637
100015240961665
100014436126451
100016298280640
100022806992445
100013543244267
100022319045800
100019151774522
100015441400060
100022692105278
100009207274447
100018746461071
100011503849137
100013640262767
100019245403792
100014876416098
100024556488175
100024701532026
100024552678852
100024661868213
100023698992355
100024890284238
100023546866812
100021044872225
100021651330731
100024758416357
100024741904143
100023440686207
100022624161430
100021723403879
100024535133225
100024459589885
100024580124318
100023141991159
100023777003198
100024905464553
100024767912350
100024825377523
100012856898422
100015578710235
100024802603955
100024696968669
100002084523506
100022929120359
100024411155804
100023550964391
100012159468802
100014009471263
100024414636996
100024687337418
100024379210921
100024667956535
100022143372617
100024813190981
100014202432959
100024719075688
100023488819679
100014137096087
100024663729406
100024874985498
100015685140480
100024594502203
100023807708652
100024523782875
100024753274505
100023001661978
100022820558227
100024853538068
100014037693071
100022351840518
100024162486451
100024930810500
100024804887115
100024797001064
100015086023562
100016254275183
100024756435763
100023889051948
100024837993197
100013546813797
100024595147713
100023858723971
100022051504624
100023917953944
100021889249076
100024320988503
100017765582104
100024797032851
100021771681489
100024415372114
100024802985372
100024491329401
100024897400612
100024802880970
100015026491577
100024614385712
100024844366659
100021295027396
100016593707564
100005279448122
100024795460389
100017505729389
100024897636238
100024655310089
100018850863647
100024816730836
100024856540334
100024900484376
100022002306952
100024644374933
100008755960543
100024010691446
100023818898356
100024892265288
100011262847417
100024619179728
100024325733468
100024712800483
100024178324372
100017499407930
100013010419307
100023714046664
100012208777857
100024583335552
100024818535485
100010871880375
100022489394288
100024609343903
100024062850796
100017047086090
100022240533285
100023904550034
100024869108721
100013501596783
100024820095097
100022634628149
100023503628961
100014352666412
100022101921165
100015783167535
100016659194884
100024332322546
100022627382459
100023863176247
100024303404506
100019506997695
100024803823777
100024546524019
100024484273274
100019534066997
100024656436430
100024884496191
100024868806870
100014809713105
100012078932085
100011543975379
100015672152640
100023135640184
100023861083839
100024752332277
100023342524829
100024910022640
100012262950870
100015102577490
100022002842439
100024741861676
100024779175129
100023850216890
100023929243098
100024715582984
100016221708068
100024666976982
100021702226461
100024317840440
100024380321997
100024560895397
100024749988897
100022511868762
100024315310245
100014714477769
100024360661071
100024715997635
100019784920261
100024017476913
100009114775375
100015557024455
100024823359419
100017235376756
100024612683231
100024865413125
100014945142378
100024747257392
100024608472088
100024435892222
100024708917933
100004122154803
100024687248016
100022337061857
100021519763889
100014165292890
100024360710159
100022760591020
100017319498994
100023059161322
100023638530627
100024645612698
100015372490299
100018709694201
100023122146448
100017338954990
100024000757930
100004255277506
100024329104387
100023726771965
100023423920404
100010147571792
100024400160354
100019153894659
100013882908952
100023247814886
100023836235864
100013701912410
100024328380823
100013716829418
100023705724080
100021144674540
100013395221518
100012692410270
100011741373818
100024569062784
100022852891226
100013249426241
100023557299325
100017383062160
100020117106847
100021563201543
100015220907942
100024766750892
100024803853404
100011669346578
100017918169807
100008130887840
100022249423457
100013463504414
100023015934098
100023939522937
100016744866714
100024179740533
100022830227415
100014261167061
100022969478964
100015833735859
100018598410163
100024668896674
100024401192630
100012034243506
100015852908619
100023138830602
100023660148054
100021827826576
100022005303006
100024779648929
100014654951220
100024118382194
100024755471467
100009972312187
100024795217159
100022756065372
100010642810293
100021917555489
100013006296693
100008649402563
100024805055240
100024809104962
100022672384765
100024233314513
100017354083871
100023130556337
100014150204990
100024766928477
100023997435668
100022947920661
100024788675566
100024835771814
100022663336756
100021708454610
100015840379336
100012837854721
100011090288146
100023576101052
100023753262689
100022791289236
100024486516967
100024506619925
100013874411643
100023524512644
100021776384521
100019008784052
100023646961817
100013251997450
100018106537308
100015307689638
100024547806403
100024575700112
100023003071581
100024029302455
100022037149533
100020672990531
100014444078082
100023248968770
100016799715195
100024374329712
100017185411477
100016880071075
100023278754282
100011470582744
100023490738908
100024631884129
100023639561172
100022994328349
100024019113928
100009404143679
100022660280985
100022625026490
100011325542235
100018943204489
100023781992508
100024645560799
100021736634108
100013091790611
100023628454120
100023988934139
100019114095705
100023683212827
100024351222616
100005029563586
100013699626375
100010085681863
100022227317759
100013871822050
100014893321708
100024274054323
100023018889975
100021936818432
100022116907108
100024418672090
100011431216344
100022314880509
100014699108580
100018406538544
100019228327748
100024390757621
100014822407856
100023694618814
100024743559456
100021665042763
100022174396519
100024354324073
100015293413232
100013743510517
100018379894629
100022088062949
100024658672221
100024346757565
100015076353625
100022639174787
100010413073538
100024777607304
100021932836002
100014080157622
100014764716333
100023906656922
100024710385486
100024152747903
100011487592462
100013380276868
100015531797725
100024090314251
100023833606666
100013573473649
100016714726637
100023835070477
100014862733761
100024772687530
100022985286586
100022874940023
100021858983495
100024673668294
100007273639468
100021468141579
100022637852877
100024511420787
100011526516463
100014845471990
100024811860944
100006096768530
100023404247988
100022591352708
100013932963910
100022434830106
100024510068636
100024514989278
100013475104714
100013393092507
100023848665225
100024205313747
100022090733042
100023273356968
100021066531113
100024648440791
100024394280125
100016372115415
100022731113225
100022219600095
100023992182769
100004230134837
100024782284018
100015033346468
100024755257173
100024426201928
100024046530914
100024773944147
100016075620531
100024704413937
100015733022943
100010911752850
100017797144128
100024623423634
100021814054452
100016412774683
100023889578243
100022665469056
100024019327283
100024323270852
100024121248550
100024798871251
100022241117415
100024615797482
100021510162332
100015683430672
100020855176709
100015621702697
100024039794781
100022146093739
100024772562241
100016517467326
100023890697445
100024505029675
100024577698175
100024573420440
100019013741761
100021589834668
100020598732746
100022896709729
100024118600747
100014696778720
100024058501106
100013605873586
100022596515274
100024569632739
100022090777036
100015672307359
100019463883091
100016959346800
100024434533962
100024489218800
100009423695356
100009787697724
100023366166126
100018207850124
100024370842892
100024126828181
100024333303501
100022184793162
100023836415921
100013891054749
100024111302297
100010759391682
100021629633796
100018374471064
100013244779080
100024704111368
100018051424235
100024599002576
100024429736473
100023564500583
100017854779768
100014641987316
100023630080031
100015148027116
100024035234933
100017345775188
100011207449539
100023415802030
100024020003101
100021809333748
100022887460859
100013817745557
100024342360079
100023147555769
100016999307040
100024661330601
100013292712357
100024607571650
100022502051422
100024557481718
100024715412038
100024614359034
100024433351867
100013395333065
100013788480848
100024604011266
100024659525956
100024545971017
100024601547213
100024576951635
100022912336281
100024563537876
100024582349795
100024586366099
100024689289067
100021908539391
100015654726632
100021308571567
100015257505231
100024578509673
100024717603881
100024355634901
100024479131149
100024244243644
100024572268113
100024621759281
100024308258134
100014843256758
100024162370270
100023423657496
100024286158344
100023240053213
100024590029230
100023944299262
100021557641459
100023471566302
100023382510847
100024403899453
100024416835715
100024554722985
100023781480153
100013797613757
100004405965069
100015315282358
100023360040428
100022647005913
100024084663115
100024204485352
100024603277856
100022933372154
100023805892144
100010982043265
100013605106781
100024161410585
100024458440359
100024615075220
100022955761907
100024548184330
100022758800795
100021590562704
100023331938156
100014166700827
100024435881686
100024353092633
100010022805065
100024607845322
100024461266462
100023904140034
100024582771373
100011801681026
100024639191630
100024537981371
100024573169577
100009102199901
100024260452808
100024684366817
100022605321374
100023849032681
100017819886799
100021928621987
100024108750412
100018161520548
100024708512313
100024095915100
100024294843577
100023951594855
100023826552818
100024039691977
100013321511049
100015135976676
100019780843892
100024239948977
100023933897328
100015375168265
100017187162180
100024432252030
100015286269845
100024416771338
100018698057839
100015605772427
100024052091262
100024735091968
100024450669272
100024385421199
100024729812420
100014163455398
100023643321490
100022548681086
100017783383536
100024469613524
100016960204760
100022477192275
100023647147850
100024572150396
100024680015505
100024286613286
100024428257114
100024617353675
100016304712762
100008648190916
100024419143899
100024395921849
100005454399795
100022619913282
100012481337593
100008849957592
100024597646791
100023688437675
100022882940181
100014111354293
100024216171349
100014326002531
100024601815167
100024364490599
100024601007531
100024582739653
100024628783666
100024064458891
100018568391903
100022069207666
100015213304851
100022250496348
100018841958718
100013344340724
100024583478159
100022091385779
100024538071677
100013674819136
100023698906922
100021413796009
100019087021857
100024464975923
100022990703006
100024057612999
100024277337765
100024715230194
100024321888830
100024329154066
100024550665798
100024053257340
100024426202442
100016506915041
100024578464784
100015126066977
100016649522509
100012558579366
100024542895522
100024342318038
100009560884292
100024316820375
100024614981392
100024580907377
100024570346631
100024571813709
100021695706247
100024263521771
100022823239090
100024584838104
100022134863562
100024600314576
100022883295593
100024666636998
100023142829760
100006852285268
100024686014170
100023601639844
100024539269025
100023816679737
100017015168667
100022188411204
100024593232657
100006600487489
100024554441530
100017702198330
100024622322246
100023238192880
100023952967817
100024675785589
100022058892124
100022741652017
100024108589810
100009233244884
100024210190405
100023482335554
100024661416842
100024415299013
100023560660569
100019085808018
100018186452286
100015344467933
100024667446707
100021117303969
100024240544932
100024597642889
100023841407960
100024663755074
100017542721280
100022848395884
100024554630698
100015296443332
100023800964231
100024040461073
100024516713418
100024015243164
100024203413455
100017519886502
100021972755365
100024494380866
100024566822911
100024614921009
100015419762973
100023403532319
100024039261158
100013547988850
100017675803547
100016081445838
100024695431048
100024629771267
100023979510400
100021052716234
100024534413437
100022162964424
100023402116113
100016297453675
100014994516874
100024330068364
100023011057194
100015197898445
100023849351568
100023959111229
100024200722330
100024021120379
100023725639698
100024282080843
100015433563686
100023796915198
100022522428474
100015996965563
100024044134404
100022271029726
100023707712936
100024074587188
100016315095997
100023832010634
100021934877120
100022498054821
100019927266243
100015163750658
100013475085959
100024632583118
100023761763351
100024357820666
100024585015048
100024389139301
100015499573486
100022624680281
100022189153936
100015940204306
100024433950271
100023370732331
100008198462191
100024102945570
100024581833942
100023329657666
100024273969988
100024562067684
100016801512495
100024551297348
100013174987180
100019211232787
100024412180618
100022882733804
100024284436245
100024039573728
100013357188402
100023717295615
100024322380330
100024677972299
100022242228745
100023797404077
100007929634232
100024069333009
100014175605753
100023414199897
100024666634762
100011232677863
100024644557440
100015880059361
100024585725470
100024528018448
100023342835186
100024053782490
100021679102225
100024658682134
100004423869198
100022467379433
100023415613622
100024128597861
100022876309591
100024273198530
100023635163321
100022200713664
100022738903148
100022764981795
100023258585202
100022915393144
100024196041775
100023722745392
100024256518935
100023339114910
100014433792603
100023461841891
100024239239640
100023911487706
100009684032482
100024318095266
100015226170322
100015557676501
100012067934483
100024187505266
100021633302684
100015412592396
100023052589015
100022458379602
100022153150738
100023867838220
100023931999914
100024109985478
100021778183068
100024336334341
100024010265330
100024182342604
100015136390857
100014746210674
100024483216846
100016043590652
100017041082405
100023318402274
100024108337858
100024413213849
100015549931456
100024543721206
100022073311024
100024382399567
100023921462708
100016579066079
100022903328409
100024020644321
100024012948244
100017082314277
100023386098883
100024449599789
100022274085287
100015081974856
100024297211114
100014177172047
100008761148289
100014481907761
100024516725274
100018371350203
100024534638236
100016075691809
100024175501221
100024074769744
100021004414561
100024239864137
100016584544015
100023698624686
100014543072400
100014887532058
100022780605865
100011337294047
100023840956517
100005443711535
100024067445089
100022067627808
100016438500783
100022793451361
100018798541699
100022539183045
100024030150740
100022692606636
100023974214975
100023300865400
100023578969656
100024036613822
100021011222869
100022503831832
100010646387803
100019040116786
100023758057473
100014997857234
100022664243357
100021963611421
100022894700682
100022532958515
100023718817611
100022494858119
100023209100118
100022574915561
100024197196793
100024058028257
100013872642084
100023004451954
100024367020003
100023948103648
100019572306641
100021972184653
100023019636522
100023123852921
100023410671855
100015533707233
100023093750019
100023644131559
100023974782911
100011052694830
100023884493714
100024119100575
100019878218109
100015291824731
100023630376230
100017710534608
100024259929950
100015156490413
100023662690745
100024056192079
100023959717758
100023995725882
100024184218295
100024074192673
100014944810164
100023910591590
100022354755792
100014305511590
100024190686701
100023969859194
100023755805003
100017310709182
100023654431324
100024179100555
100011595690876
100015640780154
100023147118823
100023385455250
100000200931134
100019524092386
100022498753916
100024009522850
100017359725428
100013548724997
100023495960081
100017326722688
100019325506068
100022971593891
100022734829339
100022176757518
100014312201134
100023708270798
100004530528273
100023722230611
100021895714723
100022438913246
100021929843510
100009650534506
100022072994525
100010286376863
100013171691450
100010862587654
100014390920615
100017880040545
100008903674406
100017999293857
100014051141542
100021584661811
100021836808453
100023589792814
100023341420954
100011868818179
100009821494879
100022877014232
100023456222409
100023362554343
100022747668310
100019447322447
100012793922444
100022705955264
100021752453898
100022208473573
100016762336747
100018084704965
100022956732700
100023218246641
100014182066529
100023201209689
100023090104883
100016395586382
100022971971812
100022869804020
100016274796646
100014899424751
100015311659100
100022491234242
100019225787341
100000643020570
100022708793030
100021334051308
100021701603923
100022254970820
100009071602151
100022555897449
100023225959218
100013517314288
100022534151111
100014152804269
100022891312855
100013276054597
100016936473194
100013351097017
100022973802410
100010127530753
100013405630877
100012400300006
100022130896651
100023002780844
100022117008851
100017961034260
100022705141178
100015541080295
100022924880399
100023058602408
100022783489709
100022667053335
100019247051231
100017974873285
100018442566323
100022368303289
100022575523263
100013828890637
100022388610339
100022718940627
100012859935304
100021825936346
100022805055214
100018234962409
100014697604954
100015757444500
100023002193249
100022038789617
100022662338094
100022735010372
100019312591772
100015443383449
100022957186496
100023045202738
100019485212935
100022876446715
100022770163734
100022935828295
100022606012345
100022973203878
100017321208797
100014499152831
100022845518681
100018892834628
100017970967320
100003496272242
100023069160459
100019127957013
100022516568495
100022733863183
100010341184578
100021196703097
100008018550931
100016047634420
100015580128507
100022938697413
100013376701489
100022503602583
100014892785504
100016670820249
100022862891418
100022817374601
100022366489800
100018066181398
100022676901713
100013918812688
100009842820500
100016615720146
100010165503462
100015805031062
100021840437681
100022460574204
100015607357952
100022427679419
100022427854638
100022754325044
100022427924296
100018567188418
100018257051924
100022002634629
100015064665048
100020707114016
100018187065067
100022258622499
100012591193799
100022896504024
100021437491521
100022786509794
100022740908673
100014826732638
100022738485112
100004688521178
100023003288338
100022984602711
100022888332521
100022711327990
100021897861833
100016233701508
100010463293325
100022821713521
100022849800807
100022325407909
100017438675835
100022749876952
100010129330676
100013105516139
100022994680772
100022807204147
100018095888990
100022980211160
100023045523820
100010915804129
100022630881958
100021592306915
100022194883060
100022585563994
100022902622720
100022796437209
100003719051810
100022483421701
100009340171786
100011706301343
100022494113958
100019805415229
100021395863875
100015514728441
100021780547870
100022678401614
100011238978555
100022652119918
100021966646542
100015097394777
100012305042132
100022768211189
100015201812996
100021970724910
100008390976637
100013291895952
100011128385544
100010452436028
100022512135780
100020710582575
100018046245941
100013590342345
100015453069047
100022454441127
100021281923453
100022081232152
100014518839799
100022284018552
100014391947264
100022785887880
100018143861513
100022529058916
100022794465552
100021872732950
100009532595311
100017438730048
100022632697539
100022049222482
100010849908997
100014054971676
100022707201122
100022703120255
100014515873044
100018786432210
100017693109203
100006574818838
100019538431464
100015372001252
100002961819959
100022287121416
100021859752756
100021949595633
100005742879712
100021800333438
100022187413537
100015593592613
100009307732730
100015828877425
100016565292548
100022385169949
100009036918030
100017520700346
100008824774190
100014186626731
100022028297990
100018385892518
100017957501212
100022401304172
100020005985677
100018600131471
100015813302050
100012252735998
100009149985491
100022389992937
100021922936630
100012050798483
100012892783273
100013926968969
100015556238426
100012783310133
100021692361533
100020276050679
100018876480301
100013300954708
100013042026668
100022203640628
100020138499570
100016331596862
100018982059046
100012439620738
100017513520718
100007988614804
100016717068328
100017996795468
100022009192824
100021541461366
100020445397000
100020327357570
100005417921365
100013711216964
100009939705758
100017462704942
100022286072167
100009420140664
100015102881537
100016377244425
100014587385523
100021747798503
100008942596851
100022069861956
100022122881766
100019276681885
100017981707334
100021850160406
100022292191077
100015047689283
100019651064727
100014155576015
100021793609170
100022011066332
100015822965357
100014232435406
100017066110286
100016140372489
100022081997847
100013662915445
100013870637303
100022081545116
100014199933358
100013201445991
100021286770634
100022128050340
100022033802762
100014855700911
100016924565174
100021963641814
100007279955253
100022049194802
100022037555941
100021896627369
100022134259206
100015228516275
100010243335928
100021613697712
100006429923043
100021761738521
100021545231526
100013435243459
100012733035327
100010553139179
100019547550244
100021877788801
100022057021020
100016318518036
100021973219958
100013539814606
100021832503868
100015513402335
100020454912136
100021891491314
100013592851121
100015307691714
100022163267427
100003587934592
100022139662383
100009367664152
100009366244861
100021897098360
100006632168626
100021652880620
100013920968143
100021849433005
100018013217274
100017815441660
100021890810724
100013499107906
100019310313936
100011479373683
100021451398814
100012783527052
100022027730094
100019067104539
100021869950535
100014325548907
100021384769973
100022020022060
100016822695919
100014114652214
100021679140673
100015297497499
100018990182183
100010196114263
100022149726388
100022153080464
100020163131823
100016613735401
100006399032003
100006232022181
100021135973005
100007817887197
100017046697310
100011358440349
100012379156432
100022199946308
100015317539100
100004135293434
100021952472857
100009586952099
100022170458152
100016189170506
100017905238288
100012824406032
100017722034701
100022217401836
100016104313293
100021053475493
100004324830572
100021897630438
100004331146923
100021239272903
100022216354050
100011740419217
100021904321944
100012851432994
100006189676195
100011364811131
100014973990528
100010432661802
100022223821637
100021825143756
100015492317268
100015650174326
100015590045874
100013837560515
100019112141652
100020031216027
100021723830208
100021406483084
100021564017376
100022212394336
100015356563340
100014135954866
100013898929470
100014096760682
100011466391088
100010404347357
100020183013546
100018766265426
100022130019189
100022006823465
100021909484066
100021914504095
100016742778468
100022160531363
100015130633511
100022076541727
100016332125474
100021945771374
100014318201453
100014770302787
100021729816050
100021961726286
100021688051784
100013671072244
100014618222835
100016024454704
100015098953441
100021167872734
100015492121116
100021682339627
100018120751439
100017915792960
100012781848772
100016373029366
100021837420962
100016342470887
100012575079367
100008351589485
100014254201965
100012286273523
100007619765917
100014904194358
100011443384725
100022183562454
100012072044109
100019528996564
100019436502147
100016928022280
100012337934577
100017859519751
100020177890456
100021801142379
100015491736479
100017543430832
100021868755154
100021447814994
100009337079544
100015704762366
100017607575477
100014777534298
100021335533389
100010164487624
100019256250632
100021908251461
100021719572048
100018895631525
100015738134053
100015976416935
100016697978101
100015302893308
100019286821635
100017102378280
100013813715240
100019198754313
100018227025896
100021572978468
100004812348708
100014672827380
100010955287785
100015376862589
100013429177377
100017727096401
100018577574841
100021646384642
100020653642484
100021870420809
100013531772089
100019558114803
100010409052901
100010271981010
100011598756070
100021177305871
100014844919373
100022031680331
100014728236047
100016608827356
100013383364803
100021857805835
100017028582807
100018288690917
100009960918203
100018510093913
100011504653459
100011511780426
100021655907470
100015375610222
100020487465426
100021752910010
100015619397114
100017750132032
100011171585557
100011413386943
100002174634108
100021819275758
100003213439006
100014769247360
100021774784436
100017061546834
100010901790835
100021513647583
100015116954390
100014407757614
100015555944706
100006744467033
100013742898588
100018033376882
100014181246005
100014017745994
100011271948502
100015694981087
100018087665134
100021636630180
100022069185880
100021136239626
100017946312151
100021598699260
100016432299917
100019314309274
100018797493215
100013256891612
100020561109997
100018426371176
100017312357728
100021658550201
100014524502736
100019514443370
100010060444746
100021688730573
100011642472927
100020577969193
100017130462534
100014881597648
100021888880897
100021828060795
100021940223658
100021904680148
100014936192373
100021449717909
100018373392426
100007754042389
100014974207075
100020459494623
100016472405784
100013192446262
100017717702571
100003842732502
100018925784917
100016218276119
100014899515456
100017493962487
100020711964066
100009376532829
100013578248337
100013101067052
100005431844663
100021714075181
100014263032784
100015414570168
100015304981996
100013807396480
100022118731024
100019395855188
100011090283559
100015722592031
100017988256800
100016301568589
100013349044764
100021714488691
100013935453898
100019595868524
100018217699152
100021590521733
100017187786354
100016099606273
100012149523912
100017274277601
100008100156402
100015790690862
100014720584777
100019133825657
100021731630638
100016964568629
100021092953103
100009251664098
100016685747826
100015621254535
100018609764942
100021609825355
100018367000318
100021637399160
100013446822193
100013917821212
100014466872813
100022050821270
100016742400890
100014975566379
100017511300180
100021720816601
100021653623064
100014854216602
100014507298943
100018620949855
100017694677918
100017205735992
100022097075483
100014619576856
100020488358933
100021742203319
100018555635133
100010682554576
100018334998608
100021441575920
100020881053472
100021167175079
100013955049471
100021880899420
100019323998156
100021717067838
100015657365392
100013619344720
100015838832897
100016846482280
100016668161137
100015152259333
100013455942839
100010646646432
100009457450381
100014933478509
100018589441798
100015848233337
100011270469673
100021992233259
100013820888726
100011130936121
100019333032202
100018214596694
100017524930514
100021631302020
100009704676230
100014553424724
100018588167757
100009322272553
100019496085114
100021737570329
100009241597761
100012565714587
100018832544349
100013303090717
100021586670617
100021785592675
100013683997512
100008071572879
100018711813693
100016882328680
100000632349040
100004960235352
100019293375440
100019355448221
100017075435279
100019377064582
100021795032293
100013207266909
100015952292064
100016789000068
100017702689248
100018079575027
100021574560472
100016942116707
100012132521030
100012648724381
100013238118622
100019405410969
100021821166821
100013447987821
100021122944721
100007704544235
100017009948381
100016823706945
100014617512294
100013642924785
100008609175252
100020712639235
100014755232523
100018611951976
100020971592028
100013164661974
100016606058386
100015301027154
100013079260783
100005830502066
100016011634478
100015226578193
100019405805545
100021769421698
100021140408088
100011129941860
100011821368927
100015396363640
100015331243648
100018053919463
100014494720119
100011772132381
100015449821424
100021682904031
100018768405104
100017897502301
100017854721290
100010686226906
100007977405041
100021685036376
100014016636892
100013493167640
100016944374191
100019242241144
100005001938232
100020837782485
100013537233636
100015320887769
100014243917584
100014328245580
100019102838329
100014758839788
100021824168644
100019072355942
100015640812608
100018536171711
100015225762351
100009561553044
100015906555371
100008762568832
100019277958395
100016818122076
100020410907340
100020876711246
100004462211773
100019080663472
100009717253961
100021629616649
100021575910192
100014304108363
100014363708833
100014430543172
100014920712689
100015427595269
100018911859773
100017097914769
100013119343644
100004135114564
100018672429199
100019223717075
100016017496409
100016887168057
100019224397418
100018983147989
100016523956935
100014493286488
100019209931407
100018862504738
100012954782907
100019377881968
100019434843353
100018520381023
100016128731776
100019376977660
100017070099707
100014146488592
100009267233950
100011515173466
100014560538886
100018045633734
100010710468052
100017070661891
100012420992272
100018298485323
100019402995602
100016792547253
100014591172050
100010291724251
100006575566196
100010449487122
100018726732073
100019423980045
100012219361171
100010487113763
100019391858036
100019407245657
100017687809123
100019260105340
100017196542072
100013547085918
100014881321295
100005391972965
100018353389037
100015183036202
100019659001540
100019070565706
100018299624080
100008366341257
100017383560669
100018272928870
100009806535669
100019613318352
100013235719024
100016176435798
100018552577988
100019937622119
100016084510839
100019104063603
100015255132271
100018592096104
100019373642022
100016722607673
100013912506469
100019273846017
100004633443779
100014359517804
100017347263969
100019080902516
100017599954005
100014238761869
100011189643201
100019451266843
100019343915591
100017730646156
100013528543837
100017731450797
100009754487410
100018410598729
100019218785578
100015834673853
100018050981785
100019041394776
100015359535656
100017147406635
100015528103239
100017827056767
100010513384914
100019080495781
100015635794793
100007551963640
100017944933098
100016930262255
100018640152701
100009261363605
100012744547740
100014078766852
100018573887929
100017368993371
100017647991238
100013434249505
100019336080105
100014696654324
100000703590281
100018332081404
100017897535400
100018067921828
100015261528974
100015778905402
100015173292482
100014558437087
100019362468465
100019284190914
100013881553652
100019617990239
100019450594938
100007644788006
100015640778998
100018153636141
100017873980035
100016723022295
100015908375684
100014243088804
100015285695452
100007714860526
100015323223486
100014649373726
100013070503308
100018172691069
100016837248710
100019055862550
100014082043813
100019120502127
100018521650403
100016787252406
100015826861289
100014892361855
100016265251894
100016835552480
100014824562237
100018918425821
100017610282492
100018111976842
100014530654480
100013445089288
100016485610103
100017843114235
100015033490626
100016069303656
100018235293302
100018294728494
100019412527132
100017383008188
100014264499048
100012049055794
100014442768203
100018409726364
100007115985416
100018815167398
100009185709903
100013579722277
100013090412981
100016049988777
100019302998650
100016537175466
100018778388103
100014064576996
100008258537934
100014177888458
100014422637914
100007958764199
100017757815604
100019177416923
100016838267579
100019259745070
100010947798392
100010102786583
100014613158555
100014385360693
100019059574541
100019483956537
100014833122522
100004516352847
100019477233432
100018038706128
100019449695871
100018997660503
100016428337129
100015800464736
100012284478995
100014690972400
100016319775374
100018870704393
100010435870098
100018615093713
100014504345509
100018025489068
100017849686261
100010686274024
100016821367444
100014467065861
100018191447132
100014900472968
100019123279034
100018399690081
100019263855865
100012039139373
100012179856494
100013466736622
100017150742202
100018273518653
100015931710858
100014646971514
100018602296122
100019605126710
100014016885344
100017991852391
100012920746790
100016941496481
100011573370264
100017895904238
100018142722647
100018872170875
100014514167922
100019271564341
100016569677285
100013573482483
100014610344449
100013659375878
100019480926175
100016000630007
100018494201208
100019072173998
100015418566000
100013033328362
100017804402396
100016861399177
100011010849839
100015867002488
100016141720528
100016629034340
100017168406583
100015291993516
100019368100810
100014650836049
100017820701249
100012565846076
100016426029751
100018448957533
100018068949310
100019499222513
100013053287369
100013712282046
100015976505377
100014416994386
100018213788411
100009323600203
100015131988284
100019215248879
100011025870351
100010009216748
100016806370049
100018431293405
100015304353763
100019200908683
100016053453874
100014850403623
100018135781785
100018373413834
100014916198978
100016126177875
100019519774934
100018739808979
100013950375199
100018456761767
100011352827949
100018236056352
100019318842164
100005485486022
100006941772069
100018590791285
100017981442141
100012182956742
100011464476543
100018091242990
100018607578502
100017074230101
100017781337583
100015707772728
100016929211679
100018617857790
100019123088166
100013308157371
100018432483915
100013688899012
100013372365027
100016382137509
100017125592041
100018710860802
100002533084944
100017893546226
100014713666612
100014125392958
100019395228724
100016432329609
100017550314153
100013511138648
100016857010711
100013946709532
100016342624014
100015834912432
100015699577856
100018620987070
100013068184619
100015919144823
100013742327983
100013184892295
100018087526954
100017362878794
100013362373448
100014990192428
100003216228821
100014881635824
100016655229990
100018259593212
100016899342183
100015460511754
100013952551539
100015872239007
100018676633164
100014948106437
100017218963770
100017879256286
100019148263460
100018206100731
100011212084304
100013567517964
100009915002911
100011415352921
100017164871151
100018669101381
100018484578370
100018215206824
100018495571364
100014890475352
100019448046357
100015458569436
100014991077807
100016539063841
100019210907990
100015409606769
100017792430376
100017104723059
100014001123838
100017619397121
100018706329496
100019466684361
100015886092241
100011648676128
100019423815447
100011991063087
100018585186636
100014035578106
100007998559099
100014688946742
100018390099796
100008357507146
100017010649129
100019432029715
100019281279781
100019232168142
100019261817630
100008563620156
100016295140849
100019336662364
100017721581085
100013392542582
100019360116887
100019455423162
100011480413208
100017026456182
100018277771401
100008051825435
100016508763715
100014457126099
100015255036021
100019516835316
100019307643325
100019418413294
100018615223086
100017369374098
100009177388895
100015627760954
100010983886766
100016813006853
100016163198669
100019356124990
100013994552708
100000529728730
100017030264138
100018627813873
100006883664285
100016739798258
100019244834810
100018108870709
100017845030330
100014308741899
100014374113328
100018758103791
100016021212234
100016045500479
100019368222614
100018191687413
100012410889292
100019166115382
100013575764348
100012780308827
100018491089443
100005632481669
100018203134303
100018403568694
100016961565546
100019523704726
100010965279433
100014983927773
100018709894727
100016517089295
100018134206479
100011719456808
100018242584717
100016838492240
100010414904730
100019435597288
100016782790407
100017956627234
100004130804731
100014329959577
100003559581313
100017896472189
100009305368006
100015436741306
100011645191013
100019469854479
100019310730647
100018198552091
100014449932384
100017265902485
100016756414732
100013536704377
100017406881525
100011604649462
100018052991041
100019334136583
100017465358967
100019338887105
100015614978371
100018211027402
100017585830727
100012027841321
100016416642355
100001527547105
100015138375668
100019488634176
100019332195778
100013422843547
100007391435045
100017714160506
100015957545349
100016835912770
100010872048277
100017310876174
100011408007011
100006250848262
100017065695876
100008714562801
100004668222322
100011230501213
100011490551435
100015734658846
100007104076183
100001452122216
100016083436995
100017047754837
100018321996895
100010059789755
100014730246328
100016635968528
100014411626258
100019223085211
100009775484569
100017410599710
100013755343259
100008661937213
100009439664967
100017507887420
100017402820485
100009266170911
100018166276178
100018596741742
100018443867569
100012843462958
100018573976875
100016975032773
100016716273337
100015438736426
100018382594210
100019350607006
100004505860355
100019272343538
100012359137893
100014845693413
100011143478303
100018420270047
100013290578651
100018244744993
100019305948149
100019223557700
100016422543915
100010942654849
100019486654019
100008033536545
100019301086972
100019327513391
100019312006482
100019417749035
100013431526528
100010088477333
100014064216395
100013081998149
100017748512690
100019250222455
100012732917027
100007436671899
100004066692484
100019380906827
100004837590515
100005619421451
100004213601779
100011289041137
100015274095630
100015769699054
100017197064971
100015490517780
100017233991799
100015696070863
100016905348700
100019443217325
100013471239484
100019367233693
100010956039800
100017679486659
100017669168798
100017029143369
100019436495949
100017107361471
100004781326735
100010440609055
100016241682757
100019008040722
100018141165207
100019222876134
100015679485646
100014710626927
100016946494716
100003594140035
100019344191899
100019472400649
100012683594291
100016119008180
100014135689083
100017188381364
100014825292830
100009304879203
100005556137511
100019291930010
100013813715250
100014529404594
100004710249335
100016268920708
100015941956486
100019382201773
100018068977016
100018779340781
100019347042408
100018425741466
100016003625983
100014880914572
100013163774879
100014527274827
100014171012785
100007781345333
100015414013767
100003250306487
100019246926025
100019185858704
100019451223765
100019285337608
100019456774036
100012692167713
100014719871238
100012639870785
100015062103613
100010498487626
100013846955457
100007145767965
100013226167676
100013291366962
100019347223236
100014718339828
100013929547909
100016847377271
100018590824589
100002854826303
100010109317318
100018935443699
100017998213423
100019411290195
100017533088491
100013261804785
100014748406446
100016328491368
100019287797717
100019285667695
100004715702632
100014690675652
100017702767437
100015734312233
100002874726704
100014830147932
100003321562357
100015540010211
100016923393295
100012991786024
100013007144792
100019482962288
100012351210706
100019303154090
100019270818272
100019487971547
100010323660788
100011444013873
100019228607374
100014850788246
100013851014176
100019472550390
100016396381320
100017709378536
100019430646261
100019420416096
100014099418168
100015409381882
100010703765356
100015282191760
100016105245921
100015893377525
100010198115203
100014934991306
100014706853112
100011347227436
100006535531928
100013645832679
100017539962794
100010039725871
100012082966874
100005758142134
100007004268546
100019112086601
100012592846981
100014763436421
100009542845081
100019259176896
100009144348469
100017839959362
100018499965425
100019290167305
100019345482775
100019288576588
100018454746729
100013624248619
100018375405454
100013753546566
100010545364434
100018106513994
100017741740111
100011743906241
100019276115765
100013825598150
100008933987022
100013349314770
100012884628934
100013609205801
100017960895111
100014724848014
100016674346250
100010264780299
100017147864058
100017916047824
100018627760974
100019391287942
100016960577896
100015093369910
100013048324940
100017735596764
100019209901989
100014380038293
100018083357763
100012600122025
100019375831317
100013584180235
100018584413781
100012190592659
100008801100981
100016583522109
100017988647400
100019475641374
100017669626298
100013348571423
100014607723890
100012978461910
100010503824822
100018827388082
100019130688782
100017961319393
100018364181560
100005695236687
100014899175672
100010908152331
100002428415959
100018151805761
100008413053547
100019362428679
100019182769199
100011661192807
100017919155488
100014686392748
100016467913700
100004572407560
100014474929269
100012884076010
100013454529134
100003585846011
100019138968154
100014076096823
100015305310321
100016874230271
100016160134553
100019334918719
100015229230674
100018414491245
100019293340629
100018372917962
100016729183314
100006467497468
100018235875675
100015988420665
100019467480999
100016905406105
100018210788037
100013425701908
100018521887462
100004157135880
100016104815975
100009486770563
100015149612463
100016269847766
100015590988334
100015838183151
100019272584570
100011409932593
100005734185944
100019406101099
100013355924935
100016254580893
100003702004182
100019415913992
100018565021003
100016177030063
100015415200845
100019399082254
100013069263531
100018467021419
100017653172484
100018319121136
100005835306331
100012011568261
100018953806140
100019256744656
100017427217925
100016743274626
100014708838226
100016397850089
100018165812803
100018393632808
100013123269039
100018458471231
100008417567039
100017735948999
100016219694456
100015421602179
100011305383706
100014519476565
100013724176126
100018242851072
100011820014852
100019430672796
100018574841247
100016465811261
100019295082250
100007973923952
100018245046721
100012513789247
100014144833803
100019277050070
100016031951316
100014780771983
100017112192740
100018367457206
100005292045557
100018429605419
100018549455188
100013394504883
100019357536169
100019334884910
100010535147108
100017508910116
100014756446025
100009964396422
100019338517689
100019083018320
100014793825024
100018547117008
100007916911459
100013326581311
100019091237397
100016449763392
100018961391269
100018214699321
100017520938855
100018457657333
100018672690447
100014123804166
100019415521016
100005472818975
100019292560445
100016807025379
100017539956604
100015816451903
100012734169954
100017765468871
100019236944357
100014346694535
100019391552915
100011766268022
100018053584683
100010268710426
100016239829255
100016885350020
100019391283680
100015122100453
100012476642953
100019359811940
100017925001835
100014679677448
100006571367057
100006752779242
100007973370818
100019070614277
100019024848555
100019241445616
100014887928412
100009033899697
100015791657613
100010850520300
100019244894686
100018584162215
100018984251874
100019245821269
100009940325919
100019199928590
100019352735913
100019389541823
100018610414393
100019381714094
100019370943692
100018548764153
100019209193610
100019385013959
100018519872848
100016615414921
100018999065140
100008134772375
100010342269318
100016710183764
100018562871340
100014534341818
100012270251406
100018387827067
100003227984587
100019195248300
100012042489504
100014515878769
100019134191253
100007039756179
100014782539908
100018960222618
100018249090175
100018454963069
100013453562482
100015396756879
100014509541120
100019198243440
100019229505538
100014452801646
100012144069010
100016176797844
100013164344765
100017710959962
100014850248384
100012692174595
100017800636906
100011438576114
100018439123311
100010815434522
100016403598213
100017963084708
100009455816531
100017869956142
100019249301107
100019327267067
100018870429266
100019368603937
100015646698611
100018244423492
100012699906341
100017851623607
100017993141967
100017817913189
100018620314113
100015510522820
100017131155534
100019355915203
100015394726142
100014929300240
100017394888710
100016468688436
100018161470452
100019119484689
100006837795884
100016501653611
100018018063958
100018626040908
100011593652171
100013836183330
100008312990597
100018361801815
100014086352167
100018058724360
100004733820817
100019034105119
100009696662848
100019204096826
100014507861833
100018460516484
100015376780676
100019286616273
100018545403793
100018458554041
100014871393589
100011767854513
100014845338554
100015079902430
100011736405472
100018218953482
100010870308939
100005645202908
100015469570279
100017221783343
100017016486749
100018277217223
100008761056183
100016623493701
100010313101361
100018223395526
100016080136024
100013468119016
100015307392766
100017258325976
100011139781613
100015205398623
100017219589127
100014493677741
100012088815427
100009373461572
100014631618284
100018142128780
100004435592613
100018063161957
100007442566562
100018301298306
100019260938493
100011243102424
100018821323965
100012640381825
100015101288886
100017235972034
100013984452921
100017027058448
100018716200235
100018615090684
100004299307778
100007084720643
100019161336959
100019358222398
100019200586085
100019272607366
100018282488290
100012477975971
100018516341241
100018352990223
100013595946804
100018993403361
100019260697193
100019171006984
100017711531189
100014851382608
100011613288117
100019086702647
100017605933963
100018688560481
100018972755521
100015926079178
100018751395555
100009195308960
100018506224954
100018851445902
100005813537349
100015005291659
100019037282714
100009718780860
100012141311364
100018777768209
100018434103756
100012360754123
100018920443481
100017390760734
100015400620515
100013199650716
100014626816524
100015228900896
100018879335425
100018701650607
100019026570581
100010379290039
100018853278141
100018446949805
100008634644939
100019037821754
100017476955466
100018953952976
100018848176718
100017933777362
100019101904389
100018956767242
100018909348527
100019105684302
100019000895403
100018902206415
100018993484278
100018999907290
100017921797760
100019069624654
100018938558724
100018898807577
100018861044504
100018913809975
100018755055350
100018994234045
100018860505945
100018986494499
100018675345257
100019081441847
100018894103476
100018805999179
100019137542177
100018790248658
100018807828420
100019001411405
100019050454180
100019032123485
100018634321392
100015995388236
100018878048872
100018947164725
100018814445567
100018847660961
100018894223173
100018934591557
100018609338290
100018916061165
100018798798567
100018855465494
100009904781337
100018902587249
100019061644239
100012135966784
100019009504818
100019099325066
100018964033586
100019064195111
100015506109291
100019044784292
100018551618380
100018831195648
100019087653217
100019001821965
100018930017255
100018919806901
100019019703893
100016655837109
100019045506051
100008430667244
100018941016049
100018917384007
100018998311700
100018898549071
100018606068039
100018970932141
100018934453416
100018976174765
100013386588057
100018868384198
100018885033058
100019041392782
100019074032411
100016837629393
100018865698647
100018428472665
100005325005600
100017539832350
100019092213308
100018873434479
100018994509261
100019067700102
100019026451308
100014802663595
100019052370813
100019043731701
100018637723299
100014782026250
100018458592050
100018915765364
100018971793566
100017446295868
100013924183594
100007975458880
100018899144980
100018938083014
100018811069258
100011644140043
100018544022761
100018956831188
100018916835991
100009687019434
100018616927454
100008838574157
100018877205387
100018899267711
100018877277472
100018743926643
100018845172385
100019012120247
100015161521618
100018777135048
100018749329450
100018935956316
100014497366333
100018736547377
100019087503210
100016543117312
100018906615287
100017146504779
100018628429380
100019090141559
100018149711981
100018968256879
100014427844326
100008228956126
100017456010993
100018873212928
100019004703894
100013593765709
100018792165350
100018994984314
100013875258778
100018460663288
100017183057874
100017841944312
100006751622483
100017460545555