100024917730322
100015915095809
100010217656270
100026752642168
100026486466561
100013365582738
100016013230202
100024233314989
100017789295767
100008955757776
100022018573535
100012480763576
100021549002569
100026486466561
100015883688403
100022773134726
100021428827279
100010217656270
100024508542216
100013804724353
100024233314989
100011443448065
100013365582738
100024745393692
100024495700686
100024307445424
100012611291343
100022175332614
100006564316316
100020955940884
100012243671550
100017764241081
100018438278693
100021911620278
100024541592449
100021509835562
100021867726030
100022222501170
100021468742783
100018763685929
100010867785231
100012685061574
100013833882670
100014736511800
100008626567220
100006743019728
100013291982471
100016700704791
100024746664137
100024783583888
100021476152532
100026752642168
100009600497732
100024460489983
100021691684136
100013274887707
100021821238312
100010650721564
100024489846313
100007214955500
100024170372188
100023073373026
100015341863302
100021841281478
100015577600181
100010567897447
100009941793780
100011149204920
100011644334685
100017312911282
100015929133886
100024563372538
100024292970021
100010847108353
100013159083420
100022354382817
100018915671955
100006651045627
100023526824255
100011365877638
100012281497914
100009948286032
100024455237891
100018568639297
100013340112115
100011589613117
100026285599869
100008657821748
100020389698353
100018233706568
100024424212131
100009502731588
100010549444207
100013481223832
100012905564972
100011112331990
100011541488333
100024278424327
100009466453872
100011068608448
100011621777368
100012527880825
100023975836752
100019001253708
100017542030229
100009789935371
100018677538449
100021933735560
100022455574544
100026058830823
100012658626903
100006003763918
100022785452773
100007894060952
100013852154195
100015421605833
100024061811995
100012232808030
100011349417992
100016139596365
100011996289849
100022874643475
100012814781106
100022309112501
100003195597858
100014120942152
100012165180910
100021380931326
100009219653236
100024857432686
100024046980528
100010051832764
100023957775590
100011259495269
100022701847528
100024707432254
100010329130922
100022160233275
100010519813662
100013962723384
100022457674710
100003959254966
100011469135797
100010925888447
100017562883177
100010129920619
100027035917398
100019634882646
100022396003322
100019294090534
100008637767240
100026803085296
100011367516130
100011955348496
100011888653292
100007446316543
100015027033532
100012359264147
100011238767772
100009364902631
100023285464607
100021810664729
100023947213136
100011023095361
100014099940781
100014600531662
100011564676262
100013519034035
100024524973562
100006072907662
100013455908496
100013179108786
100023892337151
100008110665003
100009272785149
100010435864539
100024850566550
100023769851404
100005272591438
100022048657777
100013107705414
100006250549180
100024411532664
100024132983891
100023994273533
100021376388277
100023883138191
100024095651121
100014748368560
100011256180901
100015394907341
100024941103274
100022383608707
100007952735160
100018031182631
100026815564551
100024473720330
100015170372147
100023884234398
100023529291598
100021793213110
100017328676562
100010549712505
100007106971419
100011295390886
100009962264568
100024115186482
100013845691131
100015286773694
100016572733130
100022910323242
100016438032593
100011162319898
100026087056954
100023698787794
100007041429756
100013141362975
100017320665120
100012768522571
100010920492669
100024820839272
100025155773743
100004108665440
100024593865744
100014573762845
100012223878381
100021392821777
100024572610458
100016906651319
100015627394318
100013609530758
100022158120585
100024647294404
100009624705571
100018388366022
100024447630546
100023145531400
100026050611785
100014345523629
100012320503893
100014053242751
100025548937437
100011129655145
100008395202698
100024548790287
100016789628259
100024136482807
100014758471737
100023129559820
100014560902681
100008076302326
100003869845629
100026941493249
100018433098568
100017356786362
100015234429518
100012835719036
100018268839619
100020104421377
100016629999163
100023967246734
100016390599497
100009734320776
100024144820772
100015124205457
100019266519741
100006627635895
100014739978474
100012257538249
100015056561951
100010456714713
100014382271284
100002464579307
100012997921829
100027459315818
100027358983019
100024976685489
100020856766665
100007251609682
100025480464215
100015841324542
100015702014846
100014875961026
100023685577114
100022670552721
100013755197676
100027610950410
100021996878860
100021134568117
100008748721308
100007801875706
100024113722852
100010533692143
100027203508886
100027173084935
100024487894887
100026077848257
100024001925106
100015130217425
100008497815622
100011282984506
100024489849718
100023893832152
100009762881355
100008209591157
100023678563349
100025094242379
100016144185397
100018769481403
100023385000051
100012129753103
100021989552020
100026676644303
100024621742234
100010108448497
100023668059567
100018700682705
100024641100401
100009583171608
100013943167250
100011543737266
100012021558174
100016029425488
100002691521712
100026184155776
100024756493573
100024065887611
100023447092981
100027083689120
100023813800966
100012141318750
100021616120874
100022538595982
100025884592660
100024014623854
100005184045713
100010213202658
100005962176076
100010197097668
100013087068424
100011410066032
100024217701618
100013580264565
100023097813027
100016437966253
100027456218910
100023776668286
100022656377799
100021904960104
100024111369544
100024652990280
100017161359270
100025086919241
100010021416005
100023633598181
100027770550738
100015575796889
100021900280326
100024683871298
100025311090205
100010090059503
100013850839479
100025616564982
100024418744366
100020921948644
100023221266073
100027204861247
100011012112258
100023691727402
100022800714104
100025257123421
100021890115623
100011678498525
100013650230116
100018822167850
100012029117499
100010159834175
100016308435859
100003934818292
100012542702607
100012120223605
100024270314028
100013301647823
100013386277545
100006625603051
100014758290888
100014197832717
100017115338044
100006200949413
100010533664053
100027371590343
100014209147086
100013133471746
100013531473463
100011479056622
100024913661810
100003987587412
100015644109792
100015562966122
100023755033567
100008562542783
100005894231238
100021762972787
100024231820537
100025311579834
100024290213188
100013401642708
100022000955292
100026142344489
100007831814457
100013498651687
100006505672159
100024210256830
100024823320333
100027402127810
100027558751988
100017754961800
100014693646590
100026518843221
100024205391832
100016055551070
100025186025494
100013864150518
100011833265030
100022471940879
100024228500261
100026932330056
100024595213243
100026404341729
100018063063331
100024804051430
100022225461124
100023824514900
100024097892881
100024683719390
100008472962063
100023679425960
100024294711542
100027401371065
100024338942215
100013955490098
100025993521620
100024688968660
100024431769595
100006718216243
100013429968904
100013213957616
100024488790959
100024452297539
100013314107144
100024549211908
100023864384880
100023643098407
100026323511417
100015319098953
100026684871320
100027306039393
100016893273242
100017426494237
100017280819841
100011597387456
100021306713012
100026380493081
100025503875190
100021895417968
100026407895982
100015194418527
100011115221668
100024544834703
100023528886747
100024520658589
100005552868284
100026367653695
100023892846560
100024594991837
100023935330910
100026337434509
100006981619026
100021920469581
100026902425768
100008454970402
100025998409775
100021823251924
100018202142924
100015404013963
100012090223755
100027251208828
100025504568477
100027021333623
100024248839929
100012686268711
100022840812843
100024864693251
100022212223896
100027719439604
100013380216971
100027135737136
100026338524338
100012502035851
100027115863100
100023498565493
100022818336539
100027132730198
100018711699892
100006472558843
100015083146988
100012621632881
100016128341302
100027174347241
100014434818494
100011944830542
100012196577661
100015322867735
100010899247507
100008282058095
100015645156291
100014099059458
100023936770386
100009917801856
100017281685796
100018110643329
100023891452464
100006847187254
100010636593195
100012714132011
100006116806662
100012372108453
100011140685468
100010775107306
100023451528905
100022324992489
100013680064907
100016899845645
100024120154974
100023370186793
100018378556338
100024451561642
100015656266077
100010706196998
100010676353124
100026752730816
100023218279720
100011590952524
100027373781213
100021974283049
100027063124680
100001537024079
100021872522907
100012633012134
100009103440833
100012653089067
100014840051423
100012405876608
100010872758787
100003749719144
100014458872026
100022003119239
100012587347359
100005528356490
100021855216229
100013774568063
100021840858150
100015469057113
100009380031079
100012612824535
100013035910882
100022646116838
100009340405425
100014979491340
100016199676893
100013805103415
100011068301796
100021342488912
100016530913369
100014346996900
100011151878374
100021575359337
100027173116593
100005939053057
100010689332099
100007787701853
100004406950666
100014977209414
100024065057394
100015062080502
100007303420048
100004908811618
100024058924532
100021780392117
100024358061182
100027273488728
100023050726983
100023303374194
100013411746146
100025055912514
100027735978072
100026641838939
100012041955156
100006068402303
100025730021841
100025634234339
100027496872611
100027484449460
100027296540442
100027092903259
100027591402261
100023271649653
100025497496198
100024917686445
100027573721628
100027566523893
100027061373270
100023991881140
100024337328285
100027035947714
100013742854369
100027043507536
100027484281556
100026376556803
100026215897371
100026641897677
100026689625344
100003759964033
100027515073502
100027397598561
100027393168337
100026380030551
100027469940096
100024988612891
100022536520254
100025994434354
100014385361919
100027594105336
100024567822228
100024350741020
100027628542475
100027211134369
100027625485830
100027277398743
100016410091814
100013640566048
100021856598309
100027325999335
100000840290658
100026726650763
100026660386549
100018845408970
100023659714004
100014648141242
100027814802645
100013940806976
100026854493103
100026345116200
100023266753050
100025284528113
100024742920646
100005385851634
100026189490959
100026078768330
100027115891112
100026893869688
100026926103869
100006582888629
100026095191064
100010334671955
100011830033219
100021966587733
100011127850885
100018950656519
100027327551117
100026574510172
100026399661337
100024531336217
100022358874374
100013334175681
100027377946169
100022600641341
100025405388501
100013532625327
100016667263928
100025435500023
100025091782530
100022256026506
100002587070071
100003789980682
100024773964370
100003923390200
100013283280684
100008380007597
100023823594226
100022862209538
100025541686762
100014022524527
100024448110416
100024750391686
100009335654570
100022183441093
100013041816829
100027439150320
100023160824316
100018202895063
100021719234660
100026439563450
100024135550163
100018240215407
100023927028185
100025712979345
100025130182217
100015163387970
100014609569284
100012311077899
100022902766597
100026826690224
100023107122354
100012028598551
100024456016133
100016014155340
100027134000777
100012723425338
100006429469487
100026515013789
100017697702856
100027814178000
100027115396276
100012284684850
100003317154447
100023158009268
100010526014158
100012239977633
100022695990239
100014218800251
100016745325164
100023221663374
100015202120438
100014450957312
100018897856295
100014893844283
100019186606028
100027721902695
100027304701578
100005716782174
100013572666875
100009316483213
100013138503981
100011517096113
100027645677246
100027818827545
100027531585127
100013820797987
100027148402329
100016118702922
100007478169241
100022419707504
100027483729391
100027271357676
100027070568160
100009053959595
100020208438328
100013995304484
100027022808182
100007870877258
100026297870860
100005306057821
100022550350569
100025951177344
100021951632902
100025284901150
100027051857325
100027394415411
100026053852291
100009866529618
100025608141383
100023895858953
100022511304131
100009532205688
100027577911031
100022920332399
100015550476363
100025866378372
100023373308070
100027262956981
100026403671038
100023239363247
100022265161326
100011056534487
100027298383610
100016795510910
100015787803436
100027111501532
100023146603124
100019851756593
100025883235445
100024238750366
100010922772172
100015714600176
100025602053180
100024489791912
100025050502764
100009784053588
100027241640237
100025051323215
100011175246459
100026499803261
100027469663593
100024120993852
100005726477109
100025006500898
100027448424205
100027430849430
100012744817677
100026504432896
100014166124201
100026793073153
100025859766630
100027894062852
100027473015782
100024829270720
100015754628747
100021981035049
100027362720334
100021945184420
100018458596646
100012465318768
100026896170796
100014216412396
100023451878187
100026666978588
100026939474707
100011333634672
100002135965726
100025796380673
100027454212681
100026864411170
100005988277293
100024516976513
100014706403253
100023103702524
100021648243980
100025256364063
100024163852301
100027331300020
100006455791870
100021282690240
100027071204848
100023256669449
100023115249750
100013352087990
100010449076060
100027019067148
100026581937536
100017273618597
100026575338710
100024934440027
100016882038190
100005375593533
100022708682383
100024072762120
100023897853369
100011647270710
100014223011431
100027449557893
100009393168941
100010418467843
100024607515705
100025862171777
100024956833886
100026278754644
100024102888264
100025366896351
100009770587685
100027554287667
100024956513537
100022028447838
100024594743764
100009845829350
100017809571592
100027690314976
100008403723957
100013404245738
100027628110522
100027286761626
100027497925520
100027345308431
100023446729981
100023511103400
100027159407081
100027115489993
100026567944100
100026646799358
100026557591099
100016716767435
100027764192852
100027084863775
100027542090017
100013620045991
100026408443023
100010890789995
100024909849130
100023802526881
100014182034166
100012954192454
100022334955614
100010708968474
100026467539228
100012827564617
100009595451373
100026780681966
100022602258242
100013375639760
100011652606429
100007890975398
100008862548357
100003401349665
100026031407098
100016542258081
100027224210116
100027112213141
100027197540719
100026335520301
100027482662842
100024013604826
100024469445120
100016151289746
100027451602587
100009147349368
100025232483501
100022822866967
100012379479864
100006168139268
100024425028138
100027740438841
100003394487530
100027742650743
100027381830443
100005194034993
100019363262514
100018980085242
100027245570506
100020433846293
100026855631113
100025685933174
100027751833452
100015111880029
100027350108833
100013834667090
100014766811381
100014012505485
100027001632199
100027685963172
100027608537103
100017172283516
100023135330490
100027421823905
100011891448410
100025645901256
100027544518093
100026738493901
100026553160991
100026281059042
100024008592487
100026845892269
100027531317263
100027329333750
100023295720285
100026397670350
100011244335325
100027528613810
100027405939715
100022021971005
100012015040701
100027676504632
100027648823921
100026090081287
100011850064546
100024635179677
100027603734128
100027730869366
100023223054010
100019359828195
100011758507603
100027544369677
100012050499100
100014018596642
100009493641309
100017778427928
100027726819558
100017415122972
100011127464735
100027682031612
100013837302480
100027564225758
100009996931316
100027555253208
100024768555842
100008324416925
100010142264662
100027189292538
100027817922961
100027575856797
100027764316800
100027542798227
100027555319429
100027162038750
100023416427494
100021870044505
100026299332373
100016767630417
100027830282315
100026037161758
100025717817479
100025246547994
100027384233167
100026653393504
100027357122044
100025495300699
100025079313352
100027314260374
100022588041196
100027585884358
100027281237186
100025838796773
100018836439719
100013249061731
100011935304050
100027599836438
100027481253111
100027644652237
100027517671550
100004546481403
100025694312840
100010843543597
100022098833619
100012916758631
100027700571125
100017420525044
100027636402722
100027538070283
100025791554244
100026497880892
100027835291862
100024807021350
100023963624075
100027734738909
100027692343883
100024564074447
100010948238855
100026476215935
100027495168980
100008805966271
100023099615734
100014005057287
100026715858295
100027196266736
100022637596134
100027738725483
100026011321531
100014496551629
100000688702313
100026973019150
100012763903608
100022498839710
100027757984127
100027705332619
100027606342016
100027638113217
100027649573863
100027486137574
100013369742251
100001669028907
100024923235486
100027539761250
100012194460948
100027530709256
100008041511112
100025728352538
100014381958874
100016114622527
100027618461973
100027554628362
100013323704587
100026718338746
100027793144774
100015433622148
100023468438711
100011100648326
100022914979842
100023961737880
100024228524593
100027204311045
100021758902916
100026719871767
100025365259002
100009911179026
100009488121492
100027535175401
100027835201726
100004765567397
100022258280572
100012759573062
100007976209089
100026730346429
100027476284348
100027064085461
100012266712647
100004892437165
100013914168985
100025954249575
100025310353071
100024112403423
100026735862337
100020775469367
100023933349504
100027630375649
100019663452918
100027552108405
100027283787431
100011350996188
100027813691009
100026033989082
100027650855600
100026518761961
100004263187834
100026474838255
100026129211912
100025525943584
100025112559829
100024423572945
100008111554165
100026980628389
100025961513628
100022833071220
100023478340618
100022076354278
100013863969578
100007885008259
100010221730308
100025558171063
100014725422252
100026894010040
100012390790757
100020267646427
100009233563072
100027184065654
100022704919183
100014454004216
100027657613682
100015219303716
100024145519138
100022621839785
100026968854305
100010124619413
100009806049935
100022882484950
100027330335736
100023319252922
100026451875054
100024176596430
100022396814049
100012348396949
100014002623978
100024069293603
100027663432963
100026915418315
100014405763638
100011219629174
100027127243006
100024604501081
100027491805099
100010571055610
100027643093710
100024374762210
100019041064392
100026876288906
100027133340665
100009390892237
100017148940462
100012071979316
100027040802121
100014497954062
100024743529046
100007240542248
100012320440062
100026347930584
100015540976515
100011144118651
100027520804494
100014177323672
100027544054413
100027402878972
100026813266657
100020742219558
100025007811448
100009310995148
100002899578580
100026017723040
100023721030992
100027035570058
100012549067376
100012325636780
100012206970905
100024588664365
100004582965204
100008235103781
100020301134605
100013389551304
100026705885015
100026582221461
100027338674297
100015978842612
100023783524375
100022757070648
100022965452803
100026229443290
100025676101789
100015427113000
100007847673282
100024398573714
100025988417704
100008949101016
100025079566166
100006735691086
100024724200906
100017135652213
100027066651541
100027597452972
100024604570467
100024465571294
100014546701859
100025310704733
100022269032151
100014273707933
100022167846764
100015163997136
100023156979319
100022713669014
100027496851682
100013512243956
100010603444100
100016784107004
100024714527856
100021041690557
100024977060393
100027704559051
100025525625720
100027543136639
100027267403306
100017934763211
100014876501674
100025253565736
100017955258920
100024263957196
100023904313611
100023626785905
100015612287471
100025471514279
100002526066402
100025566797468
100027159065740
100026963081872
100011146710929
100026880842781
100026746089374
100010040645899
100027324812070
100025504012389
100026095830429
100023354542815
100024131409159
100022401594207
100025810990472
100021592051309
100014319334987
100010514580987
100005096193816
100027224237412
100027540545258
100026833693192
100024956311551
100026381102198
100025516516825
100013384665776
100023866328933
100025767017449
100022070357958
100027368031860
100011764381992
100015423523085
100027355130413
100027390218669
100027781622153
100012082093540
100012671171890
100015182861610
100026741855969
100026083547749
100024898788217
100027105432830
100026829212671
100027491288256
100026483644152
100027516525804
100006687243609
100027167623366
100027512979510
100008426796331
100017255014303
100008199224429
100023998874275
100014826338405
100010822063620
100027395299324
100027384319530
100021989203616
100025514497368
100027593171058
100026126118690
100009927246037
100010172286927
100024008874196
100025144158374
100007440942660
100027405711518
100027240472343
100024336880419
100023790423845
100023944623976
100012106861479
100025596888806
100017245278995
100016644196339
100027793471704
100024954937130
100013774544955
100019211615337
100005479875659
100025145782475
100027634722240
100026934888997
100018628124370
100012696673484
100026678500832
100005899635237
100022276904343
100017594283969
100023939692041
100023474678867
100011113740212
100027709655721
100025096687013
100026460426529
100027419690334
100022814477500
100027448713592
100026272774615
100024297903153
100027695045960
100027512857816
100023934944972
100024988283852
100011356881325
100026266532752
100027053838701
100024489905662
100014618625210
100027343992399
100010809049197
100013392978952
100013372544548
100013232254610
100025644159182
100007873080669
100024489112356
100021914168737
100010984727033
100026685287801
100021854862395
100023677982676
100018764268958
100022583026601
100022910205173
100007588129294
100024795766148
100016261335265
100007452496509
100026256379886
100024594394636
100026884550463
100023005262986
100010953727819
100012268001224
100025652614008
100012282666323
100024576739386
100015103604144
100003234360620
100022276445154
100015948212183
100012908177368
100013699519614
100025004944525
100025634106256
100015808925075
100001690948020
100025833651460
100018699213479
100024764970086
100013199342554
100027045533443
100013438632909
100017821366717
100018685141655
100018530262842
100027674618478
100027463370595
100012670817787
100012918404096
100015195180249
100013837250144
100021555860092
100012655907311
100023483413565
100027035375143
100011212270438
100025722938941
100010008900771
100027475741874
100027222883348
100017762136952
100023683923696
100022645518551
100024218409133
100022193238994
100013953219648
100019247258122
100026275508208
100013825039686
100010771111024
100016979530172
100023611068535
100023137120428
100017477166831
100018754442790
100026963124288
100014576913942
100010043011180
100015552098575
100015686418170
100010032521902
100013313865857
100013396869403
100010429818263
100022076843341
100020125803755
100026805421183
100015909063874
100027691204806
100027476957432
100027585578450
100027639279758
100027549105125
100027518326896
100023449152745
100013297445237
100010557125162
100027207262247
100013503496586
100017305128701
100015269714713
100007537333979
100005628937077
100026410785286
100010446372231
100007283537181
100022859389990
100004184104028
100027136930213
100027149074247
100023199199391
100005842150471
100013184473954
100014733452858
100007295701717
100027405664095
100027665048223
100021171195069
100026618412265
100024666224627
100014227383603
100015381274130
100027474221180
100016489803203
100027491049598
100012929714748
100027378974905
100022658850580
100015686255487
100022091562491
100024030637666
100015963005570
100026614294603
100027418853841
100016668010697
100016038540994
100023307283019
100015676476450
100027145937616
100014694487783
100026639523429
100025303387816
100023073125047
100014085757968
100014621988413
100024767956463
100023909972247
100027379478828
100027378923505
100011504737405
100007404578113
100026590741932
100015250562340
100010014696593
100002912731575
100017017393687
100018490209778
100012192723152
100015720458398
100025848366059
100021412842811
100015886538993
100022351394757
100009555802062
100000624598325
100024999370627
100012650808085
100027369008567
100017914444885
100024877223054
100027491471948
100023940047169
100026271306270
100021949403286
100022902936013
100006951226909
100014790853182
100023364230270
100021912342702
100021322032909
100016578636048
100024607483701
100008319437872
100023405709564
100008807168228
100015196599162
100027031489476
100027743853757
100027520603707
100024329466074
100013526496332
100024283714609
100005360269432
100027365062531
100022652318661
100008442126339
100027123666201
100010580142900
100027284717524
100027031170949
100024267222937
100018003902896
100015005468033
100027250484119
100022244925564
100013298353861
100024073520723
100023906045747
100027443551426
100024648856169
100025931153377
100012689116091
100025068580511
100026984090138
100026318040286
100022274631819
100027017886931
100024254911634
100027595897268
100001647521055
100026643660588
100027548983313
100027022641577
100014300287383
100026965420368
100025899360386
100025550472722
100018617556098
100027270072374
100011603532939
100026855832482
100023635081794
100026630014588
100025708925824
100010164586186
100004986406889
100012916744118
100027330423664
100027437854690
100025954088034
100025509262746
100027050775665
100013422196363
100005015435937
100026902780267
100026419836265
100027606217086
100027374497860
100025319901388
100011507857802
100021923027994
100011864461756
100024453007878
100026141839463
100018147907840
100027359324291
100023856826199
100013931775101
100009808411401
100023891645722
100016905583403
100012072128395
100024473617795
100027427145353
100024264941063
100015921523793
100013910235060
100011283873540
100027638558871
100025950871947
100025647343079
100009531062545
100026801197318
100022425121537
100027151659937
100004585126658
100027094208617
100023111932468
100013498297219
100014089590241
100015886294811
100026478202979
100010086761218
100016275033847
100025984790348
100017992471700
100027746551208
100025879998888
100006000008460
100005006928658
100027574441708
100027260448778
100011885860010
100010719991395
100026787760296
100026211653975
100023965148099
100004149303385
100024500107321
100007711505540
100016171778385
100006764044772
100026707290865
100025140372639
100026533543676
100027270947694
100027463296036
100027062856213
100004040036192
100027301811147
100007930861866
100012669518825
100023768688007
100026950584182
100025431122600
100025007210135
100008304108516
100007693032922
100027055871992
100024410273402
100015366636258
100027105470651
100024812402689
100023107599784
100023395268882
100027435247348
100022988956167
100011112608723
100022521321176
100026700369850
100026169372391
100023642301584
100016744181436
100025559178825
100027060974140
100027165212383
100018215856850
100024502080865
100015292419465
100024998063946
100005715198524
100026855286860
100026805172424
100025420934939
100025076041591
100018008643814
100027205480424
100025450152535
100013398437650
100027324562100
100011064605632
100017216140186
100001973318294
100025576126785
100026792570336
100011759466313
100027124702140
100009848378791
100026808361651
100026768970172
100026996052743
100011071838951
100014373542823
100024500472720
100027506080080
100027023143898
100026734342880
100024252694752
100010088765550
100021730433001
100025105542306
100026972304315
100023685906689
100024104011092
100016124016074
100011787400757
100024781718891
100025186982089
100012707166714
100013070018961
100010954060614
100024441516976
100014656742821
100010200663403
100013040957912
100013870368543
100007180426421
100026425101881
100027399820395
100025936993371
100014165984498
100012553925304
100027625209045
100020252014604
100018808936066
100024939840355
100008047680697
100027161509744
100012448128735
100027053478751
100008202767897
100027770520134
100026542301240
100013719886272
100011361966427
100019895283508
100022676903816
100015353655487
100014239960146
100022950780474
100027070479296
100026919232967
100027583142160
100024790612209
100014879314113
100026660838805
100023440110043
100023878026222
100026603089872
100015609882528
100025736868318
100025274264866
100001248534905
100027112341979
100024526777453
100010305696617
100027392910892
100013406447174
100026695213547
100024274760124
100027423663189
100027439837742
100026242242954
100018764506126
100025069577485
100012711183308
100026925322163
100015515192246
100026997288288
100027081309922
100026184401095
100026463994014
100018201788486
100027176316960
100026967138038
100023029384521
100022315581233
100027067481485
100024623684908
100027120069905
100016098788678
100027020073236
100027360917281
100025631110294
100015531849133
100027333343385
100012937208738
100021669077576
100018237940248
100023927565294
100003867887280
100026937045825
100022460801947
100027318855537
100027109110756
100022661680530
100015554860878
100027394058745
100009207891988
100027342917387
100024701981898
100011863665782
100026829330202
100011241222496
100013968963588
100027585960693
100026647070548
100025195664403
100024040182672
100019344641644
100027306045560
100024351796935
100016147171857
100027268100608
100026973312266
100027093075454
100024411931208
100027335601466
100021685802712
100027274809953
100025801354096
100027195641175
100023135567249
100027349604092
100020251784309
100025630891794
100025767673030
100001944081225
100010610502609
100023752282247
100024924272333
100027536412034
100010355370699
100013973989436
100027559690549
100027223547603
100027433882762
100020669568715
100025052229920
100023791868584
100013035275931
100027514386532
100027629794056
100026484976700
100004413853941
100024699795189
100010345320813
100003062520628
100026575234316
100027356443981
100025016449690
100025004351547
100027388878855
100026411590641
100026992726867
100023883093972
100026064743298
100024901696990
100027625052897
100020346464244
100026996282363
100025076418151
100026714555320
100027411912147
100026337546761
100023105979752
100024278163780
100016758850628
100027525129061
100027419792610
100025271990485
100024923450640
100010338727290
100027518855144
100027316746716
100024234620833
100024566403088
100024075722609
100027623522128
100027378632000
100011437489496
100011477615310
100027343156448
100027310553368
100027384133964
100027521701253
100027375169650
100027046329285
100026411862050
100024759684051
100027403993677
100026660465060
100011328714368
100027473473179
100027579243565
100027383477452
100010312681822
100022293284317
100018791236076
100027335490604
100023369652650
100025887786331
100021903741367
100027640862076
100017912372913
100025614110598
100020708376593
100011798446664
100012521467330
100025493496039
100023749339802
100016822396529
100004951000031
100025511988090
100027459466591
100027418369919
100024780770633
100027237433260
100026819222317
100020569122125
100013384817223
100023863543323
100024319762731
100015088692340
100023256233068
100027106778047
100024313685322
100027336232781
100026406243806
100026698358908
100025238588794
100016598538365
100010774830479
100024726363436
100011242776103
100025321040865
100027211087333
100022220731940
100004034410635
100027419250362
100027058757170
100015445381618
100024261592227
100025036231291
100023680972207
100023494671880
100021768069810
100024447260305
100023393213088
100011666127238
100012314130360
100015566019876
100018311829360
100012052249093
100023745216674
100021816994113
100026036211724
100025442646550
100024424961156
100027502835674
100027427458534
100027378260910
100027184702523
100008763135334
100027537216980
100025450724653
100002401547232
100023262722403
100027435155972
100026261691411
100016499764102
100027134664011
100022742255443
100009433887812
100017394196048
100027370215194
100027267409337
100026354833751
100008004547242
100009644090187
100014500847651
100013263638946
100024176856745
100027539072295
100012421184860
100027150643778
100022197600128
100008182234640
100024532472276
100023747781466
100021813496197
100027357917836
100027561692664
100011666686421
100022843702582
100021890610578
100025803881626
100026764386022
100027405422254
100027075653754
100024616291005
100021998086507
100026938453036
100027087172245
100024400279136
100024930797207
100025731558481
100008286200051
100015973081880
100025917061217
100026457164264
100023055773633
100023403710280
100022024897466
100018958365317
100022657571985
100026220222596
100012324420555
100027488647440
100027025727985
100015073817296
100012258365922
100015923679472
100005530874619
100026834970599
100025972335839
100024861592940
100027551614304
100027429668503
100027246455374
100027152261732
100017280196704
100027453999576
100027468480496
100027441270168
100006954573095
100024666257213
100027534814622
100016320224934
100027285861131
100023351979538
100011161773231
100027248449572
100025396803318
100011982675190
100024826395856
100027543093958
100005326416009
100027394326034
100025000838506
100024594702317
100026738268733
100023884371890
100027143571453
100027277574488
100024096820511
100024646696838
100026460767153
100024673232301
100011174768405
100027324226582
100010190250479
100023182084525
100016726896205
100026552179931
100027462815343
100027408612623
100013199894656
100027081968813
100024624391474
100016116400579
100010455555945
100016931343358
100018172740059
100016871643251
100023618506151
100008836924197
100027522547312
100006266733436
100023291962332
100027633632275
100012811188154
100027329109774
100013393006622
100025043588010
100002590862041
100013816808218
100027300438126
100022097322250
100026887060944
100026434668704
100023836683744
100010676553768
100019898169150
100013198687841
100006035641118
100026479274586
100022712481824
100014881573333
100009304798456
100027004090948
100023895045196
100027625681088
100027276874017
100027389343636
100027572223925
100027374832664
100027280553353
100027154398946
100025563162532
100027564993803
100027395130689
100025167281931
100027429311207
100025825025978
100008242007121
100026897016281
100027294054030
100027398611936
100027235980016
100027316460740
100010801184477
100025386353394
100025902802894
100019066152336
100027302922019
100027427204423
100026745669349
100015825101320
100027523447720
100027595950980
100027495130648
100025908969876
100027430726425
100024960398906
100016084140390
100006250725174
100026579373349
100004065023983
100027363348076
100024448421412
100022844101364
100005165716222
100027522697701
100027053796501
100027355991207
100016993952295
100027256182427
100010106882957
100024468468342
100012079090651
100009982935917
100022491186906
100015247274986
100026180709744
100023436372128
100027478383809
100013173285863
100026715621693
100022921366920
100026766381844
100013881819583
100020186379493
100003316061300
100009498849637
100021756654178
100003977548408
100025805328376
100027435046536
100024610192615
100027142475891
100026096799016
100026698626238
100023757221653
100027074658878
100005208677783
100026953999551
100027265381532
100014060466966
100011419739664
100010695438684
100009772544190
100009416121232
100016158369057
100027193193766
100027328431789
100024109065511
100026217670559
100015703924584
100027510396401
100027319510777
100014224178514
100011270205766
100015864731489
100027462275734
100020988890489
100027299629934
100021799280082
100014974755419
100023606440728
100023019940569
100027447103957
100024273908101
100022290141279
100014362566920
100011217150118
100026297870893
100010072413921
100012491805033
100027522514322
100006646904198
100024707919454
100011934495306
100026538230159
100027511953891
100027462642886
100013388504056
100027324142858
100027342557464
100027316518848
100027331875829
100027251511366
100027520025946
100027451754959
100027531515329
100027448664507
100025365739203
100026801690737
100026228812269
100027579000407
100027531007069
100027406961717
100027460514587
100011678199515
100013667850063
100027348500237
100017866036424
100012463473965
100022944887820
100009979359731
100027056657714
100026893659306
100004637052092
100026321539035
100006642828233
100027412937265
100015521372944
100027196726293
100004944570616
100027063139038
100025382530493
100027006321757
100012937832656
100024889147798
100027013732236
100026350788576
100023264141360
100013189867286
100026285046958
100027070627638
100022364550486
100015853214536
100023796994800
100014954116976
100026569236443
100022359141547
100011725631865
100011315612122
100027366666923
100021806243172
100006719114770
100027048768688
100026724047817
100026785062126
100014735700092
100014822682095
100010025290975
100012629407418
100026929727030
100013575764861
100025565840575
100027258944609
100011153104676
100009994113848
100022538032686
100027262307815
100026840556468
100025105819398
100027356650960
100025960369239
100023492222386
100009657013992
100026741411378
100024755463064
100024177048011
100027387200046
100005547035550
100019391827364
100026126200299
100022997377159
100022222995862
100027066970557
100009885378248
100027209869574
100026474507758
100024577470666
100012212146297
100027271153747
100026216718251
100009330442281
100027448183417
100027337553491
100012146824910
100011572744946
100023844098138
100027364877172
100027139996672
100024915382334
100027254646947
100013032285979
100013658435194
100005712995881
100026335326107
100024042450320
100015316775640
100024609848342
100021981434375
100011192223237
100026828982403
100007832264495
100006698177884
100023068875596
100009710178739
100021566568246
100011030619414
100026291313626
100022219118643
100017425510493
100014877937202
100026784909018
100023833822347
100014962214687
100022211791287
100003208717367
100023650899837
100022113676968
100009544570797
100009433551727
100019756037180
100014638716461
100012304719856
100025281254140
100022198185796
100025556747899
100017484108605
100014888348160
100009557345355
100027275243626
100027266961670
100019408242325
100025432750805
100027206474565
100026713726057
100014460000181
100022720996706
100022113320269
100015031269114
100025660392614
100012842949527
100024401297656
100023532313415
100013783326637
100027176312609
100009372621360
100026752213225
100025835482963
100015487005834
100027005720321
100023862949122
100027448622286
100024168772343
100026596604752
100011674463291
100013031768947
100025667614094
100006471865003
100025827547185
100027370428344
100025035765594
100023756420263
100012314283082
100022814920016
100007024187099
100027146825880
100027053085938
100023008603384
100022845760367
100024831049167
100016419608366
100009710267615
100024295710089
100022549518479
100027306613451
100027281512650
100027183740614
100023765868939
100027367324232
100027055981560
100024908077905
100024162030954
100024154357804
100023988994463
100021649186673
100002117929392
100024218347133
100027241398015
100026731718288
100027380355707
100019553525200
100027330043961
100027068322679
100010274912235
100022804038221
100013205082105
100027187425378
100008087327747
100027091873894
100026723692084
100027486544860
100023147626115
100024736672737
100025998104239
100027189767922
100008352249368
100025593061598
100021933311310
100011996231408
100027358931961
100021973032631
100027079602634
100013280704354
100012697664518
100025268015487
100012634810557
100027293091949
100010626406352
100023899089420
100025046479344
100027010428495
100000009103440
100025545849639
100023680783938
100017595789460
100013202678943
100023356821493
100023224485944
100018877694581
100027259942817
100012245776870
100027306469775
100027379421005
100025272783086
100025483605971
100026329939209
100022910782808
100025253319393
100016985022128
100027404627029
100017516738799
100026150163795
100024909073591
100026071834010
100014986929477
100020666767461
100011697160692
100011266801452
100018657457447
100027381816887
100023928592585
100022114297873
100024728552249
100027043282742
100009286905381
100025306066734
100022148783909
100016599401257
100027037513371
100018384456203
100013383306749
100016403772617
100009634719234
100027262873904
100026039386303
100026094844892
100024931320143
100013632437623
100027197823991
100027026500077
100027022415743
100025850840696
100018362177062
100021903133959
100022463132357
100025575173490
100024559577332
100012899190714
100008846141479
100006629734442
100013372270470
100024708724500
100027250840576
100005587124832
100025211326832
100009797918261
100010761285733
100023412168778
100005485217361
100026722784416
100027453550130
100001918443332
100027168377736
100024884590789
100022927057297
100024927553058
100014680549036
100010093302251
100026498299116
100020323503987
100006942480466
100026522376186
100024355530653
100023627753145
100027318640721
100024966979018
100026816918617
100025191801498
100026916883073
100025381368535
100007985082272
100024362596698
100015416290171
100026913240833
100027386381582
100012628209039
100014116424279
100023336686641
100027437740304
100012958936212
100027488166236
100027405308855
100023269931324
100026445017722
100025463041933
100016746669175
100026188219500
100024613383706
100021929386113
100027492965021
100023789809615
100009985898028
100024791357728
100026678768120
100016907795306
100027335139648
100025716485875
100027036649086
100026385825598
100012474331884
100024418819483
100011361891655
100025078692413
100021629859476
100021554583198
100012592366425
100014599902375
100000596290199
100023755025046
100023363013444
100018103270176
100026385352605
100024409959972
100025373059734
100020414144634
100027338494983
100013184463223
100012948341370
100022245548866
100026768261548
100011504108087
100027449107522
100025731362724
100018663346438
100026883252006
100027166023272
100027019247747
100026248034153
100013658530553
100026672467052
100008457606341
100025047275239
100023310528670
100016921297795
100025895439125
100024791792267
100014050471008
100010736554613
100025646984182
100026173984504
100013505740442
100007615189415
100011618144623
100027145671413
100025697675623
100026092752359
100027318816648
100024961550121
100022178948796
100026986849004
100011468032536
100013841889935
100027281401503
100021945155865
100013677874996
100024914070955
100021205613417
100022581706829
100026613360673
100024301452239
100024542352158
100025593353007
100027492965953
100010322011549
100027401923114
100015296196378
100024515411115
100013388924150
100026925037057
100011681885342
100022902403177
100027373512423
100016142103928
100021790240824
100026068170019
100026710771988
100016882811497
100025592827006
100023043823765
100024415942007
100027289900260
100010751640415
100027115007591
100014722786259
100009538914405
100025541825251
100011655037049
100018180109422
100010062301204
100024521597049
100011027233966
100005803299059
100016380092682
100012741967738
100024278029561
100022896924006
100026920965171
100026133311310
100024769513772
100020026577358
100026389247473
100025055331547
100017424858561
100016141003715
100019311672285
100025204835090
100010655684734
100027259833249
100023953891938
100013428404169
100010478739951
100023675053130
100027377344418
100019035013175
100026732556822
100026633779373
100027283161530
100026048011412
100024778223421
100015973681329
100027167417291
100022619743238
100009916243298
100012804348052
100024645344181
100022666128401
100012634896881
100015903451414
100015937002045
100002299512243
100027065916489
100010230485207
100023660130719
100022204172728
100025293662418
100006091338601
100025087337787
100011232040110
100011556631553
100012363603550
100022190228517
100015253050874
100015269644239
100021839829809
100015488809144
100024188354752
100011546629289
100009586715938
100023911183171
100022788046735
100008079349121
100016956518427
100023450618016
100021377723377
100008273855835
100007378604359
100004310385550
100025150902036
100023350793093
100027459758697
100027150349081
100027263422389
100027295160133
100023382097651
100014779149579
100009437624716
100024124474446
100011964972620
100024533880184
100023246567185
100013364659155
100001674817151
100026547844870
100011174293777
100020684987920
100020552611014
100023341456657
100026611580549
100016387472567
100010511824548
100026155516607
100012894337890
100022038520004
100015851082908
100007151417395
100013026540148
100027422825811
100024445510088
100006269535715
100025037836271
100026851756390
100009993223616
100008904912044
100007933869963
100009276878009
100026012916806
100027448537978
100015219634220
100001167085622
100010198180632
100022376854239
100027001068009
100013760833491
100012765765449
100027159375544
100004658323057
100004953067881
100013678831150
100027122207094
100025606020145
100023870538871
100027358833663
100024819647692
100027078257580
100004044763490
100015432934733
100014859844309
100014125604767
100023349877342
100025609512714
100022580328672
100006893680705
100009448407267
100003877200033
100015777491501
100023308654652
100018440895345
100027283880848
100027383354596
100022411583136
100024427025760
100022821105142
100012941017164
100027053569081
100027435273534
100025786658886
100012017385626
100022491307868
100014908605223
100015188956667
100018199297685
100015220787482
100018321824853
100015553576035
100024452450418
100005733859310
100025810098809
100019387307813
100027070011848
100014526047741
100025202994281
100016254469071
100010966451845
100015403142986
100026581571042
100027024246084
100017132681398
100014358428913
100023764012721
100014350393099
100013742824450
100021752052606
100027038634243
100024507141896
100012159912867
100018504617516
100009485147200
100024415710290
100016266431362
100013950672284
100020249951789
100011694526997
100023864985751
100017882286280
100027036878639
100025281223021
100027241002984
100027291288610
100026599042524
100024300554361
100027083950151
100015625871272
100024598320164
100010105682322
100023793305828
100027205142274
100016116066852
100025813534413
100024888908782
100014673071854
100009823455641
100018686680837
100022576572020
100011714927114
100025556927685
100024765753826
100023538158379
100012137806459
100024380799365
100012077718483
100007817119246
100023475728472
100027031690686
100024663226558
100010380915269
100006402221642
100023647671379
100017049947379
100026620270755
100025864380758
100023998987579
100023832952059
100013898946861
100026434954697
100022775299659
100023196096910
100005462868276
100013748528233
100023729799386
100022660245409
100003788723829
100007013504189
100015213039356
100011733845869
100023276984536
100017584111420
100011502454279
100023781588461
100022891324024
100026905066020
100025484586754
100026312058543
100006904271714
100016583295656
100026573717977
100027376664370
100014797211575
100003542952698
100025929682339
100027085083632
100010286320687
100027225510761
100023756771046
100014204371616
100027368618508
100026708074990
100025208142471
100024311760159
100017893785225
100023574188944
100026554893801
100016795848301
100025311471492
100027402154099
100022019716135
100026249001150
100022333281200
100015325994350
100026664090418
100026245520757
100026802353867
100014057748273
100024002673523
100007668734309
100024263682575
100016767971131
100024378069255
100024834603825
100026653176552
100017716746465
100023865532897
100015476225364
100027096074993
100025309419333
100027275778685
100026891114035
100026309749726
100024199936069
100024360551814
100022983740882
100017270340139
100016647697649
100015447555460
100023607999225
100023434512854
100012660823205
100013906598231
100013825541910
100013504149642
100012685724288
100027342853764
100027331095026
100027422348375
100025913250253
100023250934089
100023124542200
100022960546260
100019029301390
100026973740395
100026932453818
100025218072269
100022615692191
100018465010116
100015428744596
100008384268182
100027082040307
100015817893764
100027500341104
100027240950959
100024603795731
100018191659434
100022870089008
100021663819069
100020661681506
100015653983576
100012189678776
100021628372680
100009751147574
100009243193348
100009228581423
100018251077821
100008252466253
100023803906874
100004202328002
100021959003947
100010396386258
100011644805066
100022433719571
100015171272382
100007467970075
100018951877759
100012125139128
100026808063886
100011713925850
100022319442905
100022357922824
100002594546270
100024459107775
100026554214640
100024227955401
100019332604059
100023577585650
100011996749220
100018629254931
100011782887548
100016514296443
100012517144879
100019092077889
100007785426518
100027292276515
100009656853301
100023539722511
100007207392499
100016166497021
100004058770063
100022240065653
100026384589071
100013338708959
100006003379179
100004978816196
100023725907287
100023657956496
100021593561766
100016265708656
100017298371051
100023289707222
100022705819716
100010034412620
100025611121205
100021583192393
100011131844612
100002809353095
100023322413806
100006091966257
100023378890869
100014468225586
100023994249219
100025153930758
100022549620972
100024367462020
100009944710812
100022434245877
100022370953533
100013087454799
100011656942119
100026756172725
100018847609394
100014636761848
100007388732310
100024522671240
100012023657927
100005030070003
100019328828469
100014401781242
100012419084758
100023624880938
100007580524082
100005656449683
100007595118167
100003257843124
100022362037905
100024629460068
100023858210878
100016775108217
100018654581547
100024852436806
100015547897270
100026149573181
100024757193067
100012479020791
100024316206420
100025358684356
100013440152656
100013471623725
100006285812328
100013490554834
100023196726841
100010679192008
100015039637850
100012805472563
100005388729691
100023822078172
100023301197117
100013161578207
100026047933473
100022171728742
100021931352980
100012091788227
100011017366904
100023833756607
100008763398521
100023540593967
100014203892465
100011453194410
100004444513689
100007282472120
100027060563669
100015841516565
100021898085106
100012436694489
100017112762895
100018770288185
100014836150952
100013355713012
100013292948146
100027115740433
100010538955724
100021413978490
100011066624565
100026796259452
100009558553354
100011892122342
100008002126417
100005362726603
100009286109378
100022689581416
100019025671472
100009986686260
100026109998758
100009678942128
100026460003304
100015045218494
100017599748848
100020451829000
100021921021320
100021308752221
100027356346092
100010817825451
100015160742056
100015859325811
100003061998281
100012367564718
100011752850739
100013272730241
100027503072390
100027288709210
100027173540309
100025900581967
100014130307420
100019325010938
100018988982868
100025753011234
100024226593923
100021792278824
100006207224784
100010797396704
100010728244274
100021888825990
100007029435706
100025220917700
100015026504066
100027375006804
100016629824917
100013284188800
100012786467475
100026001579548
100022982299473
100026824027462
100027076760777
100026518518303
100013053406453
100009207393373
100026753554395
100026979382939
100010261607671
100027438932436
100009771408644
100006738213219
100027256772199
100025665604247
100026934977247
100025983375414
100021640964959
100024209184257
100005420448968
100027045682442
100015936273508
100023120895630
100008850166387
100027440558522
100023096226129
100008173237833
100026575844654
100005282865105
100016801274395
100010011850056
100022537969023
100018010744175
100016051087584
100023220756914
100022441329920
100013710798829
100015410415438
100012337994536
100007273278398
100026460494880
100011384786847
100012982174288
100024485694176
100024660920861
100024651492226
100009404733794
100023423916730
100011166639997
100027323383768
100027422168701
100015243000841
100025401738902
100023588236727
100012504271695
100018882032898
100006243219588
100021381342733
100017562903319
100021833053049
100023997080381
100023460973638
100027493232978
100027502741838
100027277129022
100025321536445
100027431198210
100027426518515
100027418629299
100027260421991
100027493351735
100025999860605
100022152516954
100012715352605
100012514549034
100009183447183
100009120053374
100025547267171
100025526739148
100017113754252
100027262909778
100011749686330
100010724595819
100025487510241
100025446075493
100012076875368
100015409009241
100011536574859
100009710744902
100010023039722
100001495242044
100004634970750
100026722418624
100025763253366
100023672450366
100013028761282
100007715227639
100022688677036
100019129188329
100014664814765
100008121005656
100009271510725
100024820104389
100022304387566
100010807126115
100010227850653
100014286005212
100009358190130
100016595950356
100007336779845
100013331411790
100026315886811
100012752289505
100018809266548
100025948359341
100023804003087
100027296135614
100026609261621
100027165121465
100026993165541
100026119123601
100026534031086
100021993675829
100026019997573
100015650053193
100011135508372
100002274426392
100023838065852
100025943466077
100027198470276
100022856781931
100026417233275
100026301546535
100023433414381
100026932637008
100024885434823
100021763718969
100009710266850
100025128810809
100018909789104
100026988721473
100009980312645
100010209810169
100018169268230
100012279040299
100027462335000
100010688822364
100027442866794
100027501150002
100027409268627
100026835144058
100023300224599
100005313810067
100024005685167
100023797522612
100002436722904
100025306330106
100023808142893
100023270883549
100018880392022
100017341651778
100015865158492
100027467490978
100025479210389
100027423543688
100026288018229
100011332647897
100024950567096
100025461610792
100027079398231
100027031089201
100026933593218
100026499618407
100026498585774
100026410434150
100026373491798
100026121123692
100025127018654
100024877639700
100024331387484
100022418541332
100012866402071
100001422695028
100027090003817
100027002733925
100025719555428
100025690163570
100024259501948
100023256217882
100022642354950
100020665819569
100015637085425
100013925867334
100013874868228
100012792547836
100011090914340
100009543305051
100005838015893
100027167676180
100026841292750
100024435930326
100023808459507
100016325970292
100026242115617
100024852729745
100023006064389
100017337551055
100024201077282
100007993900308
100021661343814
100011686488915
100018240248797
100023005667271
100018580448216
100002575943702
100026856932319
100022815433888
100027050013926
100026318027041
100027410199107
100025798093293
100014946124631
100027155183522
100018009524014
100004924116384
100024726219204
100023375284428
100022803377050
100019321386185
100019145354478
100023766045607
100026101389337
100024848408065
100015937326230
100004239511428
100016481412683
100020367315436
100024650613948
100013760412028
100006389472283
100025030002472
100011267010994
100022305801435
100015134675109
100022395709666
100021751283597
100016876893912
100027040771088
100010323997433
100026673878788
100010326660224
100027184073295
100014976707341
100027177532885
100019291985773
100023549432456
100022121256953
100013268281657
100012486157849
100022518876047
100004822067611
100009629312582
100011493579121
100011484829818
100025258313755
100013701165730
100023343367324
100022830515000
100025352464127
100019417081061
100015815502795
100027333343011
100022867453325
100015138104662
100014345522286
100023827149860
100024444381888
100026255954694
100010245524276
100027415508052
100024873382609
100023749590414
100016140154433
100013933985001
100021845740149
100026796403347
100027354103259
100014040308730
100027408909110
100027323415139
100022807853171
100014623511048
100027236761962
100004817416016
100027240699910
100015935882178
100023851988626
100023592427661
100026360326453
100026610113677
100014193724299
100010448705163
100027264074737
100023884065106
100022764304482
100027032715928
100023779479161
100015069616256
100027383168136
100012363125898
100026384289093
100025419341853
100021761071042
100005073792639
100021839749736
100021748484617
100027331184691
100023179883233
100015872794551
100023638594189
100025195065749
100011971009022
100026733961326
100026887732796
100006010082092
100025172029381
100024532870076
100017807288222
100014471442110
100025928694289
100019804846758
100025384873055
100007167338833
100024359311740
100014227635759
100004343538665
100024089170204
100025449316783
100023921101002
100023069436671
100009715473588
100015969105254
100013489721029
100015440493235
100026048885361
100026738662290
100024814200715
100026853112863
100019859326964
100026083987407
100003684264873
100024548644200
100004372182375
100027392766494
100021128251167
100015456915809
100026718105691
100016098034638
100015173417099
100007273698291
100008932357568
100011045048518
100022506872864
100026446472177
100016646025434
100022892619971
100024898652065
100014517907953
100015101020659
100017693793804
100013798333518
100024843423529
100023033733040
100025970861971
100007626705973
100004557887487
100005981806306
100026460541737
100007330992050
100023361696550
100022204272499
100010146823431
100010410997094
100027314132930
100014560185016
100014398848775
100015700778548
100024337091128
100015614209020
100010614496406
100010765383957
100005064889096
100009911109923
100005086607729
100026494173874
100015807883221
100022989015812
100017667095028
100011691017387
100016259040252
100027295905864
100026095672747
100017166182797
100015314940646
100014219899114
100009534684682
100024495555199
100016974608109
100009026251774
100025978755012
100025607644257
100024486648317
100014459790320
100026947760794
100026214181656
100014748193091
100003559514363
100016689585733
100010636127632
100002467732228
100026086063426
100011405678885
100009619390835
100010123632686
100026423028829
100026294929012
100027238909560
100025030532023
100026343314541
100024250131376
100026916532834
100004843355272
100008272357605
100022035370951
100027133123120
100024183847924
100018708762011
100024498768671
100019014160406
100026552301682
100024176390269
100016210366517
100015353417203
100008433071960
100006598966714
100004774890658
100024026602853
100012879390766
100011349665408
100023509702331
100015018360206
100023630444846
100017626597190
100014372348607
100010124896249
100025406106661
100002873767963
100027301994362
100027186860991
100009813273432
100014237839382
100027086289335
100003673428454
100016828506181
100026770909137
100023272993245
100012762039989
100023820341067
100025430572472
100011978776851
100024996110499
100024557951429
100015571562674
100027444002827
100007488751992
100023703588313
100023909956549
100017670216410
100022374550494
100026650299945
100022539360184
100020975970624
100026819030112
100015252000444
100005992785501
100026768589740
100016655376528
100014355932268
100026266805498
100024287074395
100026700997578
100022916562392
100026673223397
100024120290725
100022509099786
100016556987256
100026468419814
100025274654524
100023837779174
100023680069360
100026629548151
100023859143316
100026332691159
100022596347818
100023506593034
100016090449196
100027388234020
100023866596058
100024860824284
100013412313439
100011228165130
100025232054557
100021977173449
100014613225341
100027333756966
100024568293883
100011584299160
100024569775950
100024516114081
100024593075064
100021825886515
100023317748925
100003217941459
100025169508076
100010322858565
100023415090687
100003669822077
100026311984070
100000210314255
100014343426633
100027070010850
100025070251228
100008122211283
100009561286527
100008799639253
100012211831719
100022312100389
100006672034920
100027367564350
100027241423577
100006948432043
100024652099341
100024579061174
100023520953374
100023233839170
100024188408139
100019236191629
100005636658264
100006360760533
100027123907586
100026217645653
100016185790640
100024821410438
100012625785843
100010312534658
100027113837416
100027237576101
100023270650783
100023248881601
100025891570272
100013119871158
100025568000208
100026995934201
100014041741708
100026316274065
100027302979260
100012006106994
100023203493345
100022221605535
100027019955680
100026488699119
100024212268306
100026478845936
100026933433011
100024827887362
100025982467038
100015687818366
100024278776109
100027249091675
100022493027663
100024572984885
100027175568023
100026493052397
100005422579358
100027334627599
100023689899497
100021581595707
100009139974582
100009936258582
100026513213187
100024076001581
100012309524130
100023670211152
100026170994498
100025790110693
100027186825332
100026628890156
100027166447501
100026784843386
100025322612061
100027142488567
100026475093463
100023428970761
100023968425412
100005932333206
100021116988736
100027031808644
100026070846530
100026658392314
100024677550532
100021698948656
100026109142888
100025017727711
100023591663605
100026470994585
100023855382331
100019244206374
100024272824426
100023172551831
100012385630958
100026476659594
100025638375159
100027025968304
100027310987616
100026239155115
100025468173808
100021794022021
100024173421376
100016922356099
100024156373812
100024917642328
100012741466879
100018165188432
100024104738849
100027162795173
100027353283957
100026387655670
100015531130016
100024218022859
100022989587397
100027113536204
100015582909694
100022877719261
100023694733432
100027140863214
100017817645516
100027088304408
100027344253018
100027072587546
100027072918335
100022359164776
100009188523516
100024759720955
100026623462754
100027267301360
100023346109497
100015302104880
100023294287326
100023117332789
100025490599804
100005162527050
100025383500362
100022594535198
100022775478592
100026474055744
100027065535989
100023192534077
100027142811287
100027018950495
100012417678737
100024683250480
100023268573574
100026566339395
100017371089702
100013379407493
100024217309018
100021917468371
100023631810556
100011256668265
100004531755572
100027127418575
100010881602499
100010480472132
100012733963574
100026456404405
100024119852641
100021948332147
100027327180250
100026980793081
100025348924609
100024525348360
100010434631791
100021756258054
100010836155459
100025347521555
100026534912737
100025959691021
100024589204641
100018342823019
100024079100697
100010178790595
100005132291278
100013470973569
100021809493108
100008459471808
100023771460568
100027113441811
100024899269529
100009951785341
100023767332517
100021331669119
100025071960320
100005545038210
100026774410737
100004565221771
100012818766470
100026699926511
100025496056887
100025212496847
100022899073540
100026587112984
100024454901362
100026627154169
100026962470139
100019286914600
100027240155567
100023038517165
100024178968343
100017675223946
100027078641755
100027286652138
100006796427435
100009015346496
100027297690973
100026824180937
100013271377943
100015540393206
100023142260567
100012278203604
100026624566685
100010566886262
100018622021741
100014019369625
100025340922554
100022553250355
100010542372603
100013101695343
100024912304077
100026802097133
100026249382517
100004163286218
100023642992303
100013254574290
100023425231740
100021893798991
100022085640981
100017876953855
100013370442417
100001723673139
100017166371368
100023077942671
100027124119005
100026956695534
100023296146809
100026155091965
100015569298535
100026241915274
100018733052757
100027256980326
100023649233296
100023995330945
100025419104379
100024527424027
100014468951217
100012942612617
100000192591304
100012239893653
100010044246155
100016525661734
100008693674421
100023386758334
100006179014240
100004807698278
100004587167212
100024430290211
100017100768330
100014256010009
100017539084351
100026829609704
100025611398569
100014237645311
100025260609215
100013009598197
100021446993264
100010983426336
100009836863743
100013196893645
100024095903451
100009654002916
100023495533622
100023447708582
100022543242911
100003060502603
100014375771479
100009498878960
100013355656687
100026592772662
100021763410396
100015148425955
100026864705069
100011299305858
100005976931537
100023414197130
100022068425996
100024779023051
100023314264502
100017125729241
100014199844497
100027110677869
100027024972577
100026891661125
100007173427692
100024718187594
100026246141021
100016963008726
100022332940972
100017934706322
100010048267026
100018418993596
100018684665609
100005331660061
100009448839970
100019594032594
100022730195706
100017379198873
100015292301183
100025194373560
100024747517496
100001868324186
100024577703750
100023698750046
100002693226505
100024331088894
100024081095588
100023717683984
100009761224067
100009936766530
100016907854536
100014648310589
100006296116958
100011535107735
100026636340513
100026438063101
100015137179003
100008104597089
100014062068318
100025696786488
100008133344276
100021620831108
100011006528139
100026197862484
100027022002009
100026966925997
100023755942691
100012350768282
100026883441013
100021272662790
100013861389038
100026647057743
100022995114309
100012714614549
100023600895535
100017003651904
100026614746128
100008610186174
100015627522743
100026198193696
100011895974550
100024827654121
100024794236271
100023945182797
100022688060256
100024322819684
100023800026644
100025248060790
100024818144075
100012169576744
100011217287574
100023664978653
100014746980773
100026617447995
100026687323041
100014668112498
100014109225307
100016444111332
100014994979506
100004682767126
100014994257016
100015466965965
100007963968546
100014911548027
100010885538104
100024139643998
100023911447083
100024376051009
100023811014832
100023794460497
100015984360184
100016534053729
100026734029502
100024348470957
100018603195148
100026665783253
100024844770418
100023749260257
100025946655258
100025123500481
100022715748334
100025875420513
100022931416673
100024514744968
100024272032360
100025613173033
100026396019088
100021977979132
100001869358232
100024608137092
100024437655689
100025454190210
100016682478672
100026872025483
100026745709011
100009084439007
100025378421625
100011000682760
100021746403202
100017593544948
100024429301048
100011599295201
100023946998025
100011517609969
100018390194877
100007934837534
100026071547495
100013223176718
100024743971289
100009190426741
100014229857986
100026697644379
100000966493943
100024459841353
100013675741117
100024827883223
100015441698684
100007270237660
100023441027618
100014563685322
100008082185124
100023037540767
100026840943776
100003352483990
100025729592156
100022671395023
100021915846585
100023493250878
100024815224542
100024016244652
100026335759336
100016952985969
100022319777897
100024481810929
100024746490747
100016831183763
100008460373494
100024578312581
100024449028784
100009415819342
100024186113999
100024627908255
100024357062971
100015493931826
100024849942269
100010573597682
100016737225225
100021916750732
100013481439356
100026966564481
100025830347159
100022497879211
100005603509330
100017864138119
100024239242105
100019006424206
100013854540576
100013980704025
100024836821410
100022526494647
100013854008597
100023305749024
100021814025754
100023008099815
100015790485933
100022441262361
100023312139038
100023211275183
100008812065765
100012192679132
100013438577972
100012703208322
100021689175560
100018542945123
100011559974965
100023574283134
100021955696330
100017244754035
100015627976612
100021653744276
100021620200358
100013772041150
100018963213197
100024552971692
100022230405307
100026032806332
100022215861421
100024367321483
100007875399904
100024747443372
100023559951744
100024865350160
100011495916499
100021792889725
100009667337732
100009588137409
100009837674353
100017810298044
100024524205155
100022913016808
100009816601122
100023731530663
100024714285391
100021462127652
100009421996487
100008348979077
100003198213333
100010499764273
100011208315063
100025830458438
100023920943434
100023525180323
100025190252765
100024597394290
100023306151885
100022970949626
100023930405472
100021482164572
100018610298830
100011754313678
100018161985940
100015372761178
100018149374817
100015476736078
100022112446134
100010509848738
100012921406551
100025754400713
100024525348108
100018077473417
100026734814987
100024666183100
100024392570313
100024800400354
100016597203024
100003700236011
100013525028638
100011291925745
100010970430342
100014822557279
100024776438948
100024502283725
100023785837321
100026843625415
100020878820416
100021776393840
100026691377719
100025273983206
100024252722498
100008874161616
100005617483040
100023396693927
100012113921407
100026980392162
100025418304138
100012235992227
100024265417842
100027051486641
100024015374145
100022760990805
100027099932104
100026909988404
100016042114527
100011169587466
100022201062727
100011703108738
100023883423817
100011149031829
100010273999143
100026841172270
100022482079655
100017238047037
100025945848395
100016851302668
100016619322909
100024035141584
100024535290361
100023861805974
100023825225120
100022711672998
100013075020988
100027008314842
100024627930734
100013965047289
100018052246453
100024326404790
100021685995823
100022793121565
100021873203776
100014612942365
100026204292327
100021593437658
100017950111326
100011433287507
100024128774870
100026529431182
100024699649413
100024791199636
100017100643764
100024456856019
100024321502304
100007368934235
100017993499362
100024487313729
100024460906705
100015555968668
100013241409640
100023495146518
100023922111667
100023847220446
100023324165352
100024728115548
100025217975357
100024882721271
100015389748706
100007813876129
100022254307696
100010005037890
100027082980704
100024881852499
100020114495296
100014741657537
100024858845118
100023387132977
100024140053570
100011311180784
100007162656795
100011761934390
100024704778772
100024519542873
100022867119443
100015311071767
100026629598563
100024778391664
100013342631883
100024670803278
100015481396500
100026789108998
100020145634354
100011875368465
100024826981503
100023450388822
100021852302647
100022252152287
100018750822720
100024677863446
100026416331464
100022332738052
100015492512668
100023602056256
100014569725017
100023777731075
100015558152518
100026505288515
100015591552496
100013654501907
100012061357384
100024694800258
100015734110084
100015102276174
100017281020207
100023977997518
100014655642743
100024406252204
100014040672142
100022878915115
100026098697091
100024750323201
100019199714169
100024611858105
100008214644832
100007313254108
100014623121558
100023660692490
100024818052438
100023981142726
100014400886635
100023887164012
100023348528718
100024308985965
100024351318697
100024016506235
100023186407938
100016937111213
100024726070732
100009290148490
100014223245175
100011458201285
100024650763817
100010817688085
100026795178486
100026894712718
100027013357020
100026934312437
100026801513565
100024863583840
100017023742813
100015860228170
100023262278528
100024311899520
100015354103988
100024151521343
100022020975855
100021950873396
100017304619397
100003516727024
100014776867367
100022204102376
100016474681654
100024748793503
100024559322430
100009584770951
100023730579069
100019093900688
100015122409532
100009571973531
100024446778564
100024081545251
100024491735175
100022275592553
100021815131696
100014041770539
100024503202365
100022998352714
100018241471152
100012224614167
100024250303157
100022071308193
100013954720830
100016970040802
100024602812293
100022550212852
100022523033969
100018783782635
100024895200285
100021823517595
100006271335456
100022781615180
100017562463038
100024699672106
100023681916720
100023852658740
100024776103034
100024770472048
100022456414767
100022759590804
100024694151608
100016637802327
100015787780884
100014441295645
100024350686022
100009787185588
100023938659779
100019226349263
100026004743077
100024333170745
100013058597604
100012123639279
100012042616332
100025037420839
100006839013132
100010997358161
100010324336110
100006602176926
100026380578657
100013848820035
100005712734853
100023664068304
100013194307018
100019431363596
100010227400408
100024542957961
100022937948589
100009378340137
100019564750112
100024081172891
100024754718949
100021889089564
100010212871719
100024723822966
100024710991400
100024798908889
100020373735502
100014880431120
100022588011558
100024222442125
100011654616070
100023184646560
100011566449284
100024822192733
100024069977032
100024806680262
100024513441600
100023881643157
100023951903267
100022743972470
100021988905439
100010127944293
100024434944619
100013840130166
100024766426448
100023951375229
100024837817424
100016981774881
100024597159082
100024765408793
100024037982619
100024781910351
100024841622604
100024764857164
100022248038358
100021402694334
100024240788303
100022542845608
100024836017552
100024183032294
100023895823558
100023615354023
100024510245079
100021443402453
100020217037270
100024636474230
100023357686990
100012962718352
100024253957593
100022337413391
100026132206497
100023304136707
100022599643332
100020163490664
100026787008676
100023359401853
100014449987558
100021992109031
100022300249192
100024504046547
100006615641603
100013469058244
100024485349254
100016147967848
100025950186190
100020428419385
100017733727273
100025063483650
100021918360897
100024795183363
100024644932127
100014300684012
100021721446715
100013408636385
100011695288691
100013420303509
100024712275267
100023641253823
100022745075940
100024587880421
100009107585630
100024716587866
100019281121150
100012656585700
100024888870956
100022894620713
100014648858751
100024501579138
100021512541120
100022230077198
100018455139329
100024477965136
100016014823706
100016102987569
100024876514273
100021950213363
100024767896273
100024051399651
100024630520126
100024385159641
100002967612085
100022583528443
100003670765288
100026764822865
100019141248615
100023994761203
100025990208977
100017618889386
100016819327593
100024708283632
100018736577338
100023434522094
100019028165538
100022282475965
100024750623720
100024670100456
100025263121676
100022584408088
100012746557469
100006019905163
100021558647652
100020952950015
100022733177604
100016835282211
100023052570418
100023228213022
100024447977581
100022983946828
100024566496915
100024013967435
100026456761405
100026915949225
100026695951189
100025083954282
100014843823642
100024344088756
100025219366071
100026101568758
100023049751967
100023981919746
100013277048694
100024620001092
100023541283225
100011785275190
100024717453566
100023807807635
100024658808131
100023775669767
100011233577290
100003101781094
100024414501999
100023635941226
100022132903469
100023947041845
100024151066270
100021894201184
100010715108297
100022879097221
100022866456847
100024065407138
100009761794731
100011212840960
100026792533618
100025629525493
100026780684325
100026756599477
100026228150295
100009520424752
100023541337049
100024449259252
100024129616632
100022221492617
100007595619220
100022196199307
100022109536246
100024262811496
100007285247894
100023158282381
100014084950305
100024616734133
100018094231097
100024261472037
100005901078383
100024742762101
100016493315371
100024619432753
100024434209596
100022677910543
100026127861543
100024569088812
100018743835342
100010305399888
100007069486238
100024091722324
100026658591352
100025910739379
100010177772326
100022959630241
100022834216082
100022408779013
100019291930010
100021630187056
100020477598054
100026187948245
100015869863709
100012688442004
100015705785637
100022693926525
100022576936257
100021637262307
100021690247743
100019267424404
100010910177591
100021897766047
100026442786266
100026379520896
100024326358617
100018011475227
100015391573081
100022871165843
100026783131886
100023251423012
100024764615650
100004340839043
100024877620602
100023835730214
100023882178035
100024662852654
100024073128563
100012698355923
100026393689990
100023194312395
100024841627185
100024484091629
100014936170085
100010977037917
100022923408241
100018908230483
100005005807931
100003506359207
100025723239216
100024047555825
100011210348663
100015131477473
100026683934069
100013489425190
100024557497970
100023843107151
100015408483568
100026291724105
100024620684565
100008691643503
100024634104351
100022445768808
100014765440764
100022756534944
100021850880900
100007781746018
100011364507830
100024597397736
100015427383051
100017533899244
100011857741170
100024419269014
100023415799852
100011939567397
100023987198114
100017484915699
100010753028374
100016566664574
100015485083921
100003739557174
100012431475537
100024532245348
100023145683284
100026184525901
100013931984519
100015103173548
100013487041515
100024795762720
100024714278939
100019145858628
100016565492692
100024075708207
100024033222562
100024533925454
100024492762109
100020567323542
100015086568217
100024797851862
100023231115537
100024803491459
100024561666149
100024703553207
100024669902421
100020593399507
100022815754903
100024064807282
100021717311904
100014148400373
100017121647071
100014202607072
100022946169672
100022768143507
100007988471379
100023972899605
100018811861150
100023194579306
100011991348919
100015439026005
100023694077425
100024614381291
100012904835391
100024703702636
100024516339089
100024876278473
100022535827652
100023388107932
100024290408276
100023865844380
100024030043537
100024567042910
100024523874429
100024824524777
100024447377916
100023368074344
100015838362310
100023908898178
100021383917779
100013613316851
100024672481659
100024480314903
100024180166870
100023956613153
100023948627715
100024119241024
100016277947411
100016893514035
100021529539945
100014674545181
100022634222002
100020946364445
100021879312102
100021674746673
100022737427707
100013648561706
100003272873345
100014397908086
100013599576521
100022678276887
100014175585871
100022648032917
100023047023245
100022357935717
100018579483295
100023637710336
100010187762365
100024111226588
100020083475796
100024428296366
100022523973687
100014979221231
100024532201274
100024308713731
100024762615371
100010964442176
100023910046814
100021448780865
100023803621750
100023129861792
100021533704912
100023306001488
100017313856746
100023073996554
100026017252509
100015960964958
100013657620908
100024095985827
100024477557680
100006480126472
100023935175576
100016845031126
100023375052948
100024509751480
100022104262471
100007639952956
100024260717820
100024184933494
100011446107185
100023994049838
100022935649839
100024171111299
100023871697189
100010427348742
100023783722689
100021958836318
100021644840822
100023406083628
100022279730595
100021450544685
100019053124511
100024471129098
100024747248897
100023568709926
100003023133160
100024725106981
100024927691074
100024747843955
100024733281255
100024629341831
100006199147655
100022978611783
100024984221624
100013456784059
100006694114667
100014102444858
100023012445246
100008234825090
100019519330284
100021736641739
100024439423559
100006472296958
100024570819541
100015876342554
100001738854334
100005706047315
100013431392035
100006959231793
100023864409104
100024831964458
100003547485310
100018826509041
100002867306445
100022954292531
100009939305615
100009482003903
100022859562967
100022421810940
100013241049315
100016768030339
100024521191985
100023759135740
100024062411493